,datetime,instrument,score,exp_name,rid,weight,real_label,error,abs_error
0,2026-04-27,SH600000,-0.0014574697218131896,EXP_CatBoostModel_Alpha158_csi300_custom_step0_s_20260427_16,bdb93489f35f4cceba1a605028c54154,0.098,,,
1,2026-04-27,SZ300866,0.0645724311666199,EXP_DEnsembleModel_Alpha158_csi300_custom_step0_s_20260427_14,41d880b00afd4ea4a047eb8e78e68398,0.034,,,
2,2026-04-27,SZ300896,-0.019501054516593883,EXP_DEnsembleModel_Alpha158_csi300_custom_step0_s_20260427_14,41d880b00afd4ea4a047eb8e78e68398,0.034,,,
3,2026-04-27,SZ300979,-0.020059769340267795,EXP_DEnsembleModel_Alpha158_csi300_custom_step0_s_20260427_14,41d880b00afd4ea4a047eb8e78e68398,0.034,,,
4,2026-04-27,SZ300999,0.023621596426637737,EXP_DEnsembleModel_Alpha158_csi300_custom_step0_s_20260427_14,41d880b00afd4ea4a047eb8e78e68398,0.034,,,
5,2026-04-27,SZ301236,-0.21921884176498635,EXP_DEnsembleModel_Alpha158_csi300_custom_step0_s_20260427_14,41d880b00afd4ea4a047eb8e78e68398,0.034,,,
6,2026-04-27,SZ301269,0.07905657385564112,EXP_DEnsembleModel_Alpha158_csi300_custom_step0_s_20260427_14,41d880b00afd4ea4a047eb8e78e68398,0.034,,,
7,2026-04-27,SZ302132,0.11525279734183021,EXP_DEnsembleModel_Alpha158_csi300_custom_step0_s_20260427_14,41d880b00afd4ea4a047eb8e78e68398,0.034,,,
8,2026-04-27,SH600000,-0.08370549976825714,EXP_LinearModel_Alpha158_csi300_custom_step0_s_20260427_14,c62c4616d2fb45e488a5454159e80034,0.044,,,
9,2026-04-27,SH600009,0.0035618767142295837,EXP_LinearModel_Alpha158_csi300_custom_step0_s_20260427_14,c62c4616d2fb45e488a5454159e80034,0.044,,,
10,2026-04-27,SH600010,0.02262728661298752,EXP_LinearModel_Alpha158_csi300_custom_step0_s_20260427_14,c62c4616d2fb45e488a5454159e80034,0.044,,,
11,2026-04-27,SH600011,0.018920274451375008,EXP_LinearModel_Alpha158_csi300_custom_step0_s_20260427_14,c62c4616d2fb45e488a5454159e80034,0.044,,,
12,2026-04-27,SZ300832,-0.1734905281578095,EXP_DEnsembleModel_Alpha158_csi300_custom_step0_s_20260427_14,41d880b00afd4ea4a047eb8e78e68398,0.034,,,
13,2026-04-27,SH600015,-0.036043066531419754,EXP_LinearModel_Alpha158_csi300_custom_step0_s_20260427_14,c62c4616d2fb45e488a5454159e80034,0.044,,,
14,2026-04-27,SH600018,-0.07861611247062683,EXP_LinearModel_Alpha158_csi300_custom_step0_s_20260427_14,c62c4616d2fb45e488a5454159e80034,0.044,,,
15,2026-04-27,SH600019,0.027231885120272636,EXP_LinearModel_Alpha158_csi300_custom_step0_s_20260427_14,c62c4616d2fb45e488a5454159e80034,0.044,,,
16,2026-04-27,SH600023,0.04965624958276749,EXP_LinearModel_Alpha158_csi300_custom_step0_s_20260427_14,c62c4616d2fb45e488a5454159e80034,0.044,,,
17,2026-04-27,SH600025,-0.030533216893672943,EXP_LinearModel_Alpha158_csi300_custom_step0_s_20260427_14,c62c4616d2fb45e488a5454159e80034,0.044,,,
18,2026-04-27,SH600026,0.04253996163606644,EXP_LinearModel_Alpha158_csi300_custom_step0_s_20260427_14,c62c4616d2fb45e488a5454159e80034,0.044,,,
19,2026-04-27,SH600027,0.017713326960802078,EXP_LinearModel_Alpha158_csi300_custom_step0_s_20260427_14,c62c4616d2fb45e488a5454159e80034,0.044,,,
20,2026-04-27,SH600028,-0.13528847694396973,EXP_LinearModel_Alpha158_csi300_custom_step0_s_20260427_14,c62c4616d2fb45e488a5454159e80034,0.044,,,
21,2026-04-27,SH600029,-0.11762041598558426,EXP_LinearModel_Alpha158_csi300_custom_step0_s_20260427_14,c62c4616d2fb45e488a5454159e80034,0.044,,,
22,2026-04-27,SH600030,0.01119675487279892,EXP_LinearModel_Alpha158_csi300_custom_step0_s_20260427_14,c62c4616d2fb45e488a5454159e80034,0.044,,,
23,2026-04-27,SH600031,-0.09555206447839737,EXP_LinearModel_Alpha158_csi300_custom_step0_s_20260427_14,c62c4616d2fb45e488a5454159e80034,0.044,,,
24,2026-04-27,SH600036,-0.04314596205949783,EXP_LinearModel_Alpha158_csi300_custom_step0_s_20260427_14,c62c4616d2fb45e488a5454159e80034,0.044,,,
25,2026-04-27,SH600016,0.11573806405067444,EXP_LinearModel_Alpha158_csi300_custom_step0_s_20260427_14,c62c4616d2fb45e488a5454159e80034,0.044,,,
26,2026-04-27,SH600039,0.009776806458830833,EXP_LinearModel_Alpha158_csi300_custom_step0_s_20260427_14,c62c4616d2fb45e488a5454159e80034,0.044,,,
27,2026-04-27,SZ300803,0.06107884141241917,EXP_DEnsembleModel_Alpha158_csi300_custom_step0_s_20260427_14,41d880b00afd4ea4a047eb8e78e68398,0.034,,,
28,2026-04-27,SZ300760,-0.1261163187994838,EXP_DEnsembleModel_Alpha158_csi300_custom_step0_s_20260427_14,41d880b00afd4ea4a047eb8e78e68398,0.034,,,
29,2026-04-27,SZ300014,0.04147368814014995,EXP_DEnsembleModel_Alpha158_csi300_custom_step0_s_20260427_14,41d880b00afd4ea4a047eb8e78e68398,0.034,,,
30,2026-04-27,SZ300015,0.02039037501739968,EXP_DEnsembleModel_Alpha158_csi300_custom_step0_s_20260427_14,41d880b00afd4ea4a047eb8e78e68398,0.034,,,
31,2026-04-27,SZ300033,0.07131879349442276,EXP_DEnsembleModel_Alpha158_csi300_custom_step0_s_20260427_14,41d880b00afd4ea4a047eb8e78e68398,0.034,,,
32,2026-04-27,SZ300059,0.021715620331810234,EXP_DEnsembleModel_Alpha158_csi300_custom_step0_s_20260427_14,41d880b00afd4ea4a047eb8e78e68398,0.034,,,
33,2026-04-27,SZ300122,0.06990702707199722,EXP_DEnsembleModel_Alpha158_csi300_custom_step0_s_20260427_14,41d880b00afd4ea4a047eb8e78e68398,0.034,,,
34,2026-04-27,SZ300124,0.004158951958930353,EXP_DEnsembleModel_Alpha158_csi300_custom_step0_s_20260427_14,41d880b00afd4ea4a047eb8e78e68398,0.034,,,
35,2026-04-27,SZ300251,0.01096810592526865,EXP_DEnsembleModel_Alpha158_csi300_custom_step0_s_20260427_14,41d880b00afd4ea4a047eb8e78e68398,0.034,,,
36,2026-04-27,SZ300274,0.3322123556222865,EXP_DEnsembleModel_Alpha158_csi300_custom_step0_s_20260427_14,41d880b00afd4ea4a047eb8e78e68398,0.034,,,
37,2026-04-27,SZ300308,0.06186568938227149,EXP_DEnsembleModel_Alpha158_csi300_custom_step0_s_20260427_14,41d880b00afd4ea4a047eb8e78e68398,0.034,,,
38,2026-04-27,SZ300316,-0.021212165081782197,EXP_DEnsembleModel_Alpha158_csi300_custom_step0_s_20260427_14,41d880b00afd4ea4a047eb8e78e68398,0.034,,,
39,2026-04-27,SZ300347,-0.009472256848810156,EXP_DEnsembleModel_Alpha158_csi300_custom_step0_s_20260427_14,41d880b00afd4ea4a047eb8e78e68398,0.034,,,
40,2026-04-27,SZ300782,0.39564497126199677,EXP_DEnsembleModel_Alpha158_csi300_custom_step0_s_20260427_14,41d880b00afd4ea4a047eb8e78e68398,0.034,,,
41,2026-04-27,SZ300394,0.39023829107329105,EXP_DEnsembleModel_Alpha158_csi300_custom_step0_s_20260427_14,41d880b00afd4ea4a047eb8e78e68398,0.034,,,
42,2026-04-27,SZ300413,0.08038323042362235,EXP_DEnsembleModel_Alpha158_csi300_custom_step0_s_20260427_14,41d880b00afd4ea4a047eb8e78e68398,0.034,,,
43,2026-04-27,SZ300418,-0.06254932188122357,EXP_DEnsembleModel_Alpha158_csi300_custom_step0_s_20260427_14,41d880b00afd4ea4a047eb8e78e68398,0.034,,,
44,2026-04-27,SZ300433,-0.09204402200644468,EXP_DEnsembleModel_Alpha158_csi300_custom_step0_s_20260427_14,41d880b00afd4ea4a047eb8e78e68398,0.034,,,
45,2026-04-27,SZ300442,-0.02870912444750594,EXP_DEnsembleModel_Alpha158_csi300_custom_step0_s_20260427_14,41d880b00afd4ea4a047eb8e78e68398,0.034,,,
46,2026-04-27,SZ300476,0.21754427588264214,EXP_DEnsembleModel_Alpha158_csi300_custom_step0_s_20260427_14,41d880b00afd4ea4a047eb8e78e68398,0.034,,,
47,2026-04-27,SZ300498,-0.002920931140245622,EXP_DEnsembleModel_Alpha158_csi300_custom_step0_s_20260427_14,41d880b00afd4ea4a047eb8e78e68398,0.034,,,
48,2026-04-27,SZ300502,0.3235874822222432,EXP_DEnsembleModel_Alpha158_csi300_custom_step0_s_20260427_14,41d880b00afd4ea4a047eb8e78e68398,0.034,,,
49,2026-04-27,SZ300628,0.02416273450479678,EXP_DEnsembleModel_Alpha158_csi300_custom_step0_s_20260427_14,41d880b00afd4ea4a047eb8e78e68398,0.034,,,
50,2026-04-27,SZ300661,-0.027137967146863184,EXP_DEnsembleModel_Alpha158_csi300_custom_step0_s_20260427_14,41d880b00afd4ea4a047eb8e78e68398,0.034,,,
51,2026-04-27,SZ300750,0.014650667660885285,EXP_DEnsembleModel_Alpha158_csi300_custom_step0_s_20260427_14,41d880b00afd4ea4a047eb8e78e68398,0.034,,,
52,2026-04-27,SZ300759,0.13599305364179565,EXP_DEnsembleModel_Alpha158_csi300_custom_step0_s_20260427_14,41d880b00afd4ea4a047eb8e78e68398,0.034,,,
53,2026-04-27,SZ300408,-0.004362142092461934,EXP_DEnsembleModel_Alpha158_csi300_custom_step0_s_20260427_14,41d880b00afd4ea4a047eb8e78e68398,0.034,,,
54,2026-04-27,SZ003816,0.061622655591562873,EXP_DEnsembleModel_Alpha158_csi300_custom_step0_s_20260427_14,41d880b00afd4ea4a047eb8e78e68398,0.034,,,
55,2026-04-27,SH600048,-0.00837294477969408,EXP_LinearModel_Alpha158_csi300_custom_step0_s_20260427_14,c62c4616d2fb45e488a5454159e80034,0.044,,,
56,2026-04-27,SH600061,-0.03605198860168457,EXP_LinearModel_Alpha158_csi300_custom_step0_s_20260427_14,c62c4616d2fb45e488a5454159e80034,0.044,,,
57,2026-04-27,SH600489,-0.04334904998540878,EXP_LinearModel_Alpha158_csi300_custom_step0_s_20260427_14,c62c4616d2fb45e488a5454159e80034,0.044,,,
58,2026-04-27,SH600515,0.02141941525042057,EXP_LinearModel_Alpha158_csi300_custom_step0_s_20260427_14,c62c4616d2fb45e488a5454159e80034,0.044,,,
59,2026-04-27,SH600519,-0.0908905416727066,EXP_LinearModel_Alpha158_csi300_custom_step0_s_20260427_14,c62c4616d2fb45e488a5454159e80034,0.044,,,
60,2026-04-27,SH600522,-0.14266426861286163,EXP_LinearModel_Alpha158_csi300_custom_step0_s_20260427_14,c62c4616d2fb45e488a5454159e80034,0.044,,,
61,2026-04-27,SH600547,-0.06840940564870834,EXP_LinearModel_Alpha158_csi300_custom_step0_s_20260427_14,c62c4616d2fb45e488a5454159e80034,0.044,,,
62,2026-04-27,SH600570,0.02708314172923565,EXP_LinearModel_Alpha158_csi300_custom_step0_s_20260427_14,c62c4616d2fb45e488a5454159e80034,0.044,,,
63,2026-04-27,SH600584,-0.07063142955303192,EXP_LinearModel_Alpha158_csi300_custom_step0_s_20260427_14,c62c4616d2fb45e488a5454159e80034,0.044,,,
64,2026-04-27,SH600585,-0.17129254341125488,EXP_LinearModel_Alpha158_csi300_custom_step0_s_20260427_14,c62c4616d2fb45e488a5454159e80034,0.044,,,
65,2026-04-27,SH600588,0.05459192395210266,EXP_LinearModel_Alpha158_csi300_custom_step0_s_20260427_14,c62c4616d2fb45e488a5454159e80034,0.044,,,
66,2026-04-27,SH600600,-0.06164352223277092,EXP_LinearModel_Alpha158_csi300_custom_step0_s_20260427_14,c62c4616d2fb45e488a5454159e80034,0.044,,,
67,2026-04-27,SH600660,0.015395091846585274,EXP_LinearModel_Alpha158_csi300_custom_step0_s_20260427_14,c62c4616d2fb45e488a5454159e80034,0.044,,,
68,2026-04-27,SH600482,0.0124130854383111,EXP_LinearModel_Alpha158_csi300_custom_step0_s_20260427_14,c62c4616d2fb45e488a5454159e80034,0.044,,,
69,2026-04-27,SH600674,-0.01665566861629486,EXP_LinearModel_Alpha158_csi300_custom_step0_s_20260427_14,c62c4616d2fb45e488a5454159e80034,0.044,,,
70,2026-04-27,SH600741,0.05542696267366409,EXP_LinearModel_Alpha158_csi300_custom_step0_s_20260427_14,c62c4616d2fb45e488a5454159e80034,0.044,,,
71,2026-04-27,SH600760,-0.023098744451999664,EXP_LinearModel_Alpha158_csi300_custom_step0_s_20260427_14,c62c4616d2fb45e488a5454159e80034,0.044,,,
72,2026-04-27,SH600795,0.017849836498498917,EXP_LinearModel_Alpha158_csi300_custom_step0_s_20260427_14,c62c4616d2fb45e488a5454159e80034,0.044,,,
73,2026-04-27,SH600803,0.00965996365994215,EXP_LinearModel_Alpha158_csi300_custom_step0_s_20260427_14,c62c4616d2fb45e488a5454159e80034,0.044,,,
74,2026-04-27,SH600809,-0.04291325807571411,EXP_LinearModel_Alpha158_csi300_custom_step0_s_20260427_14,c62c4616d2fb45e488a5454159e80034,0.044,,,
75,2026-04-27,SH600845,0.00938321277499199,EXP_LinearModel_Alpha158_csi300_custom_step0_s_20260427_14,c62c4616d2fb45e488a5454159e80034,0.044,,,
76,2026-04-27,SH600875,0.027332421392202377,EXP_LinearModel_Alpha158_csi300_custom_step0_s_20260427_14,c62c4616d2fb45e488a5454159e80034,0.044,,,
77,2026-04-27,SH600886,0.04928077757358551,EXP_LinearModel_Alpha158_csi300_custom_step0_s_20260427_14,c62c4616d2fb45e488a5454159e80034,0.044,,,
78,2026-04-27,SH600887,-0.0021060204599052668,EXP_LinearModel_Alpha158_csi300_custom_step0_s_20260427_14,c62c4616d2fb45e488a5454159e80034,0.044,,,
79,2026-04-27,SH600893,-0.03762028366327286,EXP_LinearModel_Alpha158_csi300_custom_step0_s_20260427_14,c62c4616d2fb45e488a5454159e80034,0.044,,,
80,2026-04-27,SH600900,0.010801296681165695,EXP_LinearModel_Alpha158_csi300_custom_step0_s_20260427_14,c62c4616d2fb45e488a5454159e80034,0.044,,,
81,2026-04-27,SH600690,0.03670169413089752,EXP_LinearModel_Alpha158_csi300_custom_step0_s_20260427_14,c62c4616d2fb45e488a5454159e80034,0.044,,,
82,2026-04-27,SH600050,-0.0020087549928575754,EXP_LinearModel_Alpha158_csi300_custom_step0_s_20260427_14,c62c4616d2fb45e488a5454159e80034,0.044,,,
83,2026-04-27,SH600460,-0.030932268127799034,EXP_LinearModel_Alpha158_csi300_custom_step0_s_20260427_14,c62c4616d2fb45e488a5454159e80034,0.044,,,
84,2026-04-27,SH600436,-0.11824201047420502,EXP_LinearModel_Alpha158_csi300_custom_step0_s_20260427_14,c62c4616d2fb45e488a5454159e80034,0.044,,,
85,2026-04-27,SH600066,0.09840566664934158,EXP_LinearModel_Alpha158_csi300_custom_step0_s_20260427_14,c62c4616d2fb45e488a5454159e80034,0.044,,,
86,2026-04-27,SH600085,-0.05935610085725784,EXP_LinearModel_Alpha158_csi300_custom_step0_s_20260427_14,c62c4616d2fb45e488a5454159e80034,0.044,,,
87,2026-04-27,SH600089,-0.11843479424715042,EXP_LinearModel_Alpha158_csi300_custom_step0_s_20260427_14,c62c4616d2fb45e488a5454159e80034,0.044,,,
88,2026-04-27,SH600104,-0.10236459970474243,EXP_LinearModel_Alpha158_csi300_custom_step0_s_20260427_14,c62c4616d2fb45e488a5454159e80034,0.044,,,
89,2026-04-27,SH600111,-0.015296489000320435,EXP_LinearModel_Alpha158_csi300_custom_step0_s_20260427_14,c62c4616d2fb45e488a5454159e80034,0.044,,,
90,2026-04-27,SH600115,-0.033508285880088806,EXP_LinearModel_Alpha158_csi300_custom_step0_s_20260427_14,c62c4616d2fb45e488a5454159e80034,0.044,,,
91,2026-04-27,SH600150,-0.08521027117967606,EXP_LinearModel_Alpha158_csi300_custom_step0_s_20260427_14,c62c4616d2fb45e488a5454159e80034,0.044,,,
92,2026-04-27,SH600160,-0.07453195005655289,EXP_LinearModel_Alpha158_csi300_custom_step0_s_20260427_14,c62c4616d2fb45e488a5454159e80034,0.044,,,
93,2026-04-27,SH600161,-0.06966107338666916,EXP_LinearModel_Alpha158_csi300_custom_step0_s_20260427_14,c62c4616d2fb45e488a5454159e80034,0.044,,,
94,2026-04-27,SH600176,-0.02679612673819065,EXP_LinearModel_Alpha158_csi300_custom_step0_s_20260427_14,c62c4616d2fb45e488a5454159e80034,0.044,,,
95,2026-04-27,SH600183,-0.10963886231184006,EXP_LinearModel_Alpha158_csi300_custom_step0_s_20260427_14,c62c4616d2fb45e488a5454159e80034,0.044,,,
96,2026-04-27,SH600438,0.1309896856546402,EXP_LinearModel_Alpha158_csi300_custom_step0_s_20260427_14,c62c4616d2fb45e488a5454159e80034,0.044,,,
97,2026-04-27,SH600188,-0.03429790213704109,EXP_LinearModel_Alpha158_csi300_custom_step0_s_20260427_14,c62c4616d2fb45e488a5454159e80034,0.044,,,
98,2026-04-27,SH600219,-0.061643995344638824,EXP_LinearModel_Alpha158_csi300_custom_step0_s_20260427_14,c62c4616d2fb45e488a5454159e80034,0.044,,,
99,2026-04-27,SH600233,-0.08250678330659866,EXP_LinearModel_Alpha158_csi300_custom_step0_s_20260427_14,c62c4616d2fb45e488a5454159e80034,0.044,,,
100,2026-04-27,SH600276,-0.04780881479382515,EXP_LinearModel_Alpha158_csi300_custom_step0_s_20260427_14,c62c4616d2fb45e488a5454159e80034,0.044,,,
101,2026-04-27,SH600309,0.05773868411779404,EXP_LinearModel_Alpha158_csi300_custom_step0_s_20260427_14,c62c4616d2fb45e488a5454159e80034,0.044,,,
102,2026-04-27,SH600346,0.11750717461109161,EXP_LinearModel_Alpha158_csi300_custom_step0_s_20260427_14,c62c4616d2fb45e488a5454159e80034,0.044,,,
103,2026-04-27,SH600362,-0.06294132024049759,EXP_LinearModel_Alpha158_csi300_custom_step0_s_20260427_14,c62c4616d2fb45e488a5454159e80034,0.044,,,
104,2026-04-27,SH600372,-0.04477546364068985,EXP_LinearModel_Alpha158_csi300_custom_step0_s_20260427_14,c62c4616d2fb45e488a5454159e80034,0.044,,,
105,2026-04-27,SH600377,-0.009744844399392605,EXP_LinearModel_Alpha158_csi300_custom_step0_s_20260427_14,c62c4616d2fb45e488a5454159e80034,0.044,,,
106,2026-04-27,SH600406,-0.10902182012796402,EXP_LinearModel_Alpha158_csi300_custom_step0_s_20260427_14,c62c4616d2fb45e488a5454159e80034,0.044,,,
107,2026-04-27,SH600415,-0.09291110187768936,EXP_LinearModel_Alpha158_csi300_custom_step0_s_20260427_14,c62c4616d2fb45e488a5454159e80034,0.044,,,
108,2026-04-27,SH600426,-0.04175493121147156,EXP_LinearModel_Alpha158_csi300_custom_step0_s_20260427_14,c62c4616d2fb45e488a5454159e80034,0.044,,,
109,2026-04-27,SH600196,-0.09939443320035934,EXP_LinearModel_Alpha158_csi300_custom_step0_s_20260427_14,c62c4616d2fb45e488a5454159e80034,0.044,,,
110,2026-04-27,SH600905,0.0021881458815187216,EXP_LinearModel_Alpha158_csi300_custom_step0_s_20260427_14,c62c4616d2fb45e488a5454159e80034,0.044,,,
111,2026-04-27,SZ002938,0.042346025558451406,EXP_DEnsembleModel_Alpha158_csi300_custom_step0_s_20260427_14,41d880b00afd4ea4a047eb8e78e68398,0.034,,,
112,2026-04-27,SZ002916,0.21030048066268836,EXP_DEnsembleModel_Alpha158_csi300_custom_step0_s_20260427_14,41d880b00afd4ea4a047eb8e78e68398,0.034,,,
113,2026-04-27,SH688187,-0.05679016347866579,EXP_DEnsembleModel_Alpha158_csi300_custom_step0_s_20260427_14,41d880b00afd4ea4a047eb8e78e68398,0.034,,,
114,2026-04-27,SH688223,0.048856396034315124,EXP_DEnsembleModel_Alpha158_csi300_custom_step0_s_20260427_14,41d880b00afd4ea4a047eb8e78e68398,0.034,,,
115,2026-04-27,SH688256,0.4299663625936462,EXP_DEnsembleModel_Alpha158_csi300_custom_step0_s_20260427_14,41d880b00afd4ea4a047eb8e78e68398,0.034,,,
116,2026-04-27,SH688271,0.041983891852036624,EXP_DEnsembleModel_Alpha158_csi300_custom_step0_s_20260427_14,41d880b00afd4ea4a047eb8e78e68398,0.034,,,
117,2026-04-27,SH688303,-0.011016962744235977,EXP_DEnsembleModel_Alpha158_csi300_custom_step0_s_20260427_14,41d880b00afd4ea4a047eb8e78e68398,0.034,,,
118,2026-04-27,SH688396,-0.135058816900689,EXP_DEnsembleModel_Alpha158_csi300_custom_step0_s_20260427_14,41d880b00afd4ea4a047eb8e78e68398,0.034,,,
119,2026-04-27,SH688472,0.05661251988586987,EXP_DEnsembleModel_Alpha158_csi300_custom_step0_s_20260427_14,41d880b00afd4ea4a047eb8e78e68398,0.034,,,
120,2026-04-27,SH688506,0.0038038939773318244,EXP_DEnsembleModel_Alpha158_csi300_custom_step0_s_20260427_14,41d880b00afd4ea4a047eb8e78e68398,0.034,,,
121,2026-04-27,SH688981,0.06295679279823764,EXP_DEnsembleModel_Alpha158_csi300_custom_step0_s_20260427_14,41d880b00afd4ea4a047eb8e78e68398,0.034,,,
122,2026-04-27,SZ000001,-0.029605061409015494,EXP_DEnsembleModel_Alpha158_csi300_custom_step0_s_20260427_14,41d880b00afd4ea4a047eb8e78e68398,0.034,,,
123,2026-04-27,SZ000002,-0.0682383757356574,EXP_DEnsembleModel_Alpha158_csi300_custom_step0_s_20260427_14,41d880b00afd4ea4a047eb8e78e68398,0.034,,,
124,2026-04-27,SH688169,-0.04349394150810787,EXP_DEnsembleModel_Alpha158_csi300_custom_step0_s_20260427_14,41d880b00afd4ea4a047eb8e78e68398,0.034,,,
125,2026-04-27,SZ000063,0.03979111232921696,EXP_DEnsembleModel_Alpha158_csi300_custom_step0_s_20260427_14,41d880b00afd4ea4a047eb8e78e68398,0.034,,,
126,2026-04-27,SZ000157,-0.1639574912184979,EXP_DEnsembleModel_Alpha158_csi300_custom_step0_s_20260427_14,41d880b00afd4ea4a047eb8e78e68398,0.034,,,
127,2026-04-27,SZ000166,-0.04277533040108159,EXP_DEnsembleModel_Alpha158_csi300_custom_step0_s_20260427_14,41d880b00afd4ea4a047eb8e78e68398,0.034,,,
128,2026-04-27,SZ000301,0.13508876325959876,EXP_DEnsembleModel_Alpha158_csi300_custom_step0_s_20260427_14,41d880b00afd4ea4a047eb8e78e68398,0.034,,,
129,2026-04-27,SZ000333,0.020093687101110924,EXP_DEnsembleModel_Alpha158_csi300_custom_step0_s_20260427_14,41d880b00afd4ea4a047eb8e78e68398,0.034,,,
130,2026-04-27,SZ000338,0.14254183518711466,EXP_DEnsembleModel_Alpha158_csi300_custom_step0_s_20260427_14,41d880b00afd4ea4a047eb8e78e68398,0.034,,,
131,2026-04-27,SZ000408,0.1705094251519479,EXP_DEnsembleModel_Alpha158_csi300_custom_step0_s_20260427_14,41d880b00afd4ea4a047eb8e78e68398,0.034,,,
132,2026-04-27,SZ000425,-0.10452515930227328,EXP_DEnsembleModel_Alpha158_csi300_custom_step0_s_20260427_14,41d880b00afd4ea4a047eb8e78e68398,0.034,,,
133,2026-04-27,SZ000538,-0.11553125651639855,EXP_DEnsembleModel_Alpha158_csi300_custom_step0_s_20260427_14,41d880b00afd4ea4a047eb8e78e68398,0.034,,,
134,2026-04-27,SZ000568,-0.07516127310121262,EXP_DEnsembleModel_Alpha158_csi300_custom_step0_s_20260427_14,41d880b00afd4ea4a047eb8e78e68398,0.034,,,
135,2026-04-27,SZ000596,-0.09199434339968222,EXP_DEnsembleModel_Alpha158_csi300_custom_step0_s_20260427_14,41d880b00afd4ea4a047eb8e78e68398,0.034,,,
136,2026-04-27,SZ000617,-0.07167193144601351,EXP_DEnsembleModel_Alpha158_csi300_custom_step0_s_20260427_14,41d880b00afd4ea4a047eb8e78e68398,0.034,,,
137,2026-04-27,SZ000100,0.014962561574253073,EXP_DEnsembleModel_Alpha158_csi300_custom_step0_s_20260427_14,41d880b00afd4ea4a047eb8e78e68398,0.034,,,
138,2026-04-27,SZ000625,-0.09416383962340841,EXP_DEnsembleModel_Alpha158_csi300_custom_step0_s_20260427_14,41d880b00afd4ea4a047eb8e78e68398,0.034,,,
139,2026-04-27,SH688126,0.024577546791465957,EXP_DEnsembleModel_Alpha158_csi300_custom_step0_s_20260427_14,41d880b00afd4ea4a047eb8e78e68398,0.034,,,
140,2026-04-27,SH688082,0.11386913479952374,EXP_DEnsembleModel_Alpha158_csi300_custom_step0_s_20260427_14,41d880b00afd4ea4a047eb8e78e68398,0.034,,,
141,2026-04-27,SH601988,0.0318078835755034,EXP_DEnsembleModel_Alpha158_csi300_custom_step0_s_20260427_14,41d880b00afd4ea4a047eb8e78e68398,0.034,,,
142,2026-04-27,SH601995,0.09124653084169959,EXP_DEnsembleModel_Alpha158_csi300_custom_step0_s_20260427_14,41d880b00afd4ea4a047eb8e78e68398,0.034,,,
143,2026-04-27,SH601998,0.04576850384564009,EXP_DEnsembleModel_Alpha158_csi300_custom_step0_s_20260427_14,41d880b00afd4ea4a047eb8e78e68398,0.034,,,
144,2026-04-27,SH603019,0.07815787269210696,EXP_DEnsembleModel_Alpha158_csi300_custom_step0_s_20260427_14,41d880b00afd4ea4a047eb8e78e68398,0.034,,,
145,2026-04-27,SH603195,-0.033122941232054226,EXP_DEnsembleModel_Alpha158_csi300_custom_step0_s_20260427_14,41d880b00afd4ea4a047eb8e78e68398,0.034,,,
146,2026-04-27,SH603259,0.040588814842154694,EXP_DEnsembleModel_Alpha158_csi300_custom_step0_s_20260427_14,41d880b00afd4ea4a047eb8e78e68398,0.034,,,
147,2026-04-27,SH603260,-0.0544138268729863,EXP_DEnsembleModel_Alpha158_csi300_custom_step0_s_20260427_14,41d880b00afd4ea4a047eb8e78e68398,0.034,,,
148,2026-04-27,SH603288,0.01209231206299397,EXP_DEnsembleModel_Alpha158_csi300_custom_step0_s_20260427_14,41d880b00afd4ea4a047eb8e78e68398,0.034,,,
149,2026-04-27,SH603296,0.011040763926013447,EXP_DEnsembleModel_Alpha158_csi300_custom_step0_s_20260427_14,41d880b00afd4ea4a047eb8e78e68398,0.034,,,
150,2026-04-27,SH603369,-0.16386710430203794,EXP_DEnsembleModel_Alpha158_csi300_custom_step0_s_20260427_14,41d880b00afd4ea4a047eb8e78e68398,0.034,,,
151,2026-04-27,SH603392,-0.06492766229287275,EXP_DEnsembleModel_Alpha158_csi300_custom_step0_s_20260427_14,41d880b00afd4ea4a047eb8e78e68398,0.034,,,
152,2026-04-27,SH688111,0.0215687916076733,EXP_DEnsembleModel_Alpha158_csi300_custom_step0_s_20260427_14,41d880b00afd4ea4a047eb8e78e68398,0.034,,,
153,2026-04-27,SH603501,-0.03149496114973176,EXP_DEnsembleModel_Alpha158_csi300_custom_step0_s_20260427_14,41d880b00afd4ea4a047eb8e78e68398,0.034,,,
154,2026-04-27,SH603893,0.10679566845263204,EXP_DEnsembleModel_Alpha158_csi300_custom_step0_s_20260427_14,41d880b00afd4ea4a047eb8e78e68398,0.034,,,
155,2026-04-27,SH603986,0.2434771521792777,EXP_DEnsembleModel_Alpha158_csi300_custom_step0_s_20260427_14,41d880b00afd4ea4a047eb8e78e68398,0.034,,,
156,2026-04-27,SH603993,-0.003856039894257408,EXP_DEnsembleModel_Alpha158_csi300_custom_step0_s_20260427_14,41d880b00afd4ea4a047eb8e78e68398,0.034,,,
157,2026-04-27,SH605117,-0.0010643704622978931,EXP_DEnsembleModel_Alpha158_csi300_custom_step0_s_20260427_14,41d880b00afd4ea4a047eb8e78e68398,0.034,,,
158,2026-04-27,SH605499,0.0791177174421032,EXP_DEnsembleModel_Alpha158_csi300_custom_step0_s_20260427_14,41d880b00afd4ea4a047eb8e78e68398,0.034,,,
159,2026-04-27,SH688008,-0.0014288454325449773,EXP_DEnsembleModel_Alpha158_csi300_custom_step0_s_20260427_14,41d880b00afd4ea4a047eb8e78e68398,0.034,,,
160,2026-04-27,SH688009,-0.0606921106710561,EXP_DEnsembleModel_Alpha158_csi300_custom_step0_s_20260427_14,41d880b00afd4ea4a047eb8e78e68398,0.034,,,
161,2026-04-27,SH688012,0.09227673918916851,EXP_DEnsembleModel_Alpha158_csi300_custom_step0_s_20260427_14,41d880b00afd4ea4a047eb8e78e68398,0.034,,,
162,2026-04-27,SH688036,-0.13705042040844126,EXP_DEnsembleModel_Alpha158_csi300_custom_step0_s_20260427_14,41d880b00afd4ea4a047eb8e78e68398,0.034,,,
163,2026-04-27,SH688041,0.019530443904000053,EXP_DEnsembleModel_Alpha158_csi300_custom_step0_s_20260427_14,41d880b00afd4ea4a047eb8e78e68398,0.034,,,
164,2026-04-27,SH688047,-0.1420846743819185,EXP_DEnsembleModel_Alpha158_csi300_custom_step0_s_20260427_14,41d880b00afd4ea4a047eb8e78e68398,0.034,,,
165,2026-04-27,SH603799,0.04953415048696254,EXP_DEnsembleModel_Alpha158_csi300_custom_step0_s_20260427_14,41d880b00afd4ea4a047eb8e78e68398,0.034,,,
166,2026-04-27,SZ002920,-0.032864279950091294,EXP_DEnsembleModel_Alpha158_csi300_custom_step0_s_20260427_14,41d880b00afd4ea4a047eb8e78e68398,0.034,,,
167,2026-04-27,SZ000630,0.1290365998992518,EXP_DEnsembleModel_Alpha158_csi300_custom_step0_s_20260427_14,41d880b00afd4ea4a047eb8e78e68398,0.034,,,
168,2026-04-27,SZ000661,-0.0373360343095434,EXP_DEnsembleModel_Alpha158_csi300_custom_step0_s_20260427_14,41d880b00afd4ea4a047eb8e78e68398,0.034,,,
169,2026-04-27,SZ002236,0.032352353877862665,EXP_DEnsembleModel_Alpha158_csi300_custom_step0_s_20260427_14,41d880b00afd4ea4a047eb8e78e68398,0.034,,,
170,2026-04-27,SZ002241,0.15624176095230105,EXP_DEnsembleModel_Alpha158_csi300_custom_step0_s_20260427_14,41d880b00afd4ea4a047eb8e78e68398,0.034,,,
171,2026-04-27,SZ002252,-0.13063783506114146,EXP_DEnsembleModel_Alpha158_csi300_custom_step0_s_20260427_14,41d880b00afd4ea4a047eb8e78e68398,0.034,,,
172,2026-04-27,SZ002304,-0.07226380521838502,EXP_DEnsembleModel_Alpha158_csi300_custom_step0_s_20260427_14,41d880b00afd4ea4a047eb8e78e68398,0.034,,,
173,2026-04-27,SZ002311,-0.08064138417967374,EXP_DEnsembleModel_Alpha158_csi300_custom_step0_s_20260427_14,41d880b00afd4ea4a047eb8e78e68398,0.034,,,
174,2026-04-27,SZ002352,-0.016491027215407537,EXP_DEnsembleModel_Alpha158_csi300_custom_step0_s_20260427_14,41d880b00afd4ea4a047eb8e78e68398,0.034,,,
175,2026-04-27,SZ002371,0.047467948072627365,EXP_DEnsembleModel_Alpha158_csi300_custom_step0_s_20260427_14,41d880b00afd4ea4a047eb8e78e68398,0.034,,,
176,2026-04-27,SZ002384,0.04739808488189556,EXP_DEnsembleModel_Alpha158_csi300_custom_step0_s_20260427_14,41d880b00afd4ea4a047eb8e78e68398,0.034,,,
177,2026-04-27,SZ002415,0.12269631434563669,EXP_DEnsembleModel_Alpha158_csi300_custom_step0_s_20260427_14,41d880b00afd4ea4a047eb8e78e68398,0.034,,,
178,2026-04-27,SZ002422,-0.044511094399496645,EXP_DEnsembleModel_Alpha158_csi300_custom_step0_s_20260427_14,41d880b00afd4ea4a047eb8e78e68398,0.034,,,
179,2026-04-27,SZ002459,0.09962843080938003,EXP_DEnsembleModel_Alpha158_csi300_custom_step0_s_20260427_14,41d880b00afd4ea4a047eb8e78e68398,0.034,,,
180,2026-04-27,SZ002230,0.08981846846280787,EXP_DEnsembleModel_Alpha158_csi300_custom_step0_s_20260427_14,41d880b00afd4ea4a047eb8e78e68398,0.034,,,
181,2026-04-27,SZ002460,0.34300998298553875,EXP_DEnsembleModel_Alpha158_csi300_custom_step0_s_20260427_14,41d880b00afd4ea4a047eb8e78e68398,0.034,,,
182,2026-04-27,SZ002466,0.1354187002456574,EXP_DEnsembleModel_Alpha158_csi300_custom_step0_s_20260427_14,41d880b00afd4ea4a047eb8e78e68398,0.034,,,
183,2026-04-27,SZ002475,0.32826820422371233,EXP_DEnsembleModel_Alpha158_csi300_custom_step0_s_20260427_14,41d880b00afd4ea4a047eb8e78e68398,0.034,,,
184,2026-04-27,SZ002493,0.11803970197936163,EXP_DEnsembleModel_Alpha158_csi300_custom_step0_s_20260427_14,41d880b00afd4ea4a047eb8e78e68398,0.034,,,
185,2026-04-27,SZ002594,0.13114246721425468,EXP_DEnsembleModel_Alpha158_csi300_custom_step0_s_20260427_14,41d880b00afd4ea4a047eb8e78e68398,0.034,,,
186,2026-04-27,SZ002600,-0.006423486036010544,EXP_DEnsembleModel_Alpha158_csi300_custom_step0_s_20260427_14,41d880b00afd4ea4a047eb8e78e68398,0.034,,,
187,2026-04-27,SZ002601,0.06509435428471597,EXP_DEnsembleModel_Alpha158_csi300_custom_step0_s_20260427_14,41d880b00afd4ea4a047eb8e78e68398,0.034,,,
188,2026-04-27,SZ002625,0.0009292216100880835,EXP_DEnsembleModel_Alpha158_csi300_custom_step0_s_20260427_14,41d880b00afd4ea4a047eb8e78e68398,0.034,,,
189,2026-04-27,SZ002648,0.08992391991402644,EXP_DEnsembleModel_Alpha158_csi300_custom_step0_s_20260427_14,41d880b00afd4ea4a047eb8e78e68398,0.034,,,
190,2026-04-27,SZ002709,0.063371825575303,EXP_DEnsembleModel_Alpha158_csi300_custom_step0_s_20260427_14,41d880b00afd4ea4a047eb8e78e68398,0.034,,,
191,2026-04-27,SZ002714,-0.007621797175869901,EXP_DEnsembleModel_Alpha158_csi300_custom_step0_s_20260427_14,41d880b00afd4ea4a047eb8e78e68398,0.034,,,
192,2026-04-27,SZ002736,-0.0537448209514006,EXP_DEnsembleModel_Alpha158_csi300_custom_step0_s_20260427_14,41d880b00afd4ea4a047eb8e78e68398,0.034,,,
193,2026-04-27,SZ002463,0.14122846402745473,EXP_DEnsembleModel_Alpha158_csi300_custom_step0_s_20260427_14,41d880b00afd4ea4a047eb8e78e68398,0.034,,,
194,2026-04-27,SZ000651,-0.048576809631632314,EXP_DEnsembleModel_Alpha158_csi300_custom_step0_s_20260427_14,41d880b00afd4ea4a047eb8e78e68398,0.034,,,
195,2026-04-27,SZ002179,0.03769656362274648,EXP_DEnsembleModel_Alpha158_csi300_custom_step0_s_20260427_14,41d880b00afd4ea4a047eb8e78e68398,0.034,,,
196,2026-04-27,SZ002074,0.054125477172980586,EXP_DEnsembleModel_Alpha158_csi300_custom_step0_s_20260427_14,41d880b00afd4ea4a047eb8e78e68398,0.034,,,
197,2026-04-27,SZ000708,0.05102272275114193,EXP_DEnsembleModel_Alpha158_csi300_custom_step0_s_20260427_14,41d880b00afd4ea4a047eb8e78e68398,0.034,,,
198,2026-04-27,SZ000725,-0.024933140085772524,EXP_DEnsembleModel_Alpha158_csi300_custom_step0_s_20260427_14,41d880b00afd4ea4a047eb8e78e68398,0.034,,,
199,2026-04-27,SZ000768,-0.03618123986348057,EXP_DEnsembleModel_Alpha158_csi300_custom_step0_s_20260427_14,41d880b00afd4ea4a047eb8e78e68398,0.034,,,
200,2026-04-27,SZ000776,0.05363356287721328,EXP_DEnsembleModel_Alpha158_csi300_custom_step0_s_20260427_14,41d880b00afd4ea4a047eb8e78e68398,0.034,,,
201,2026-04-27,SZ000786,0.049224138846261395,EXP_DEnsembleModel_Alpha158_csi300_custom_step0_s_20260427_14,41d880b00afd4ea4a047eb8e78e68398,0.034,,,
202,2026-04-27,SZ000792,0.0940968987615919,EXP_DEnsembleModel_Alpha158_csi300_custom_step0_s_20260427_14,41d880b00afd4ea4a047eb8e78e68398,0.034,,,
203,2026-04-27,SZ000807,0.16333206233856593,EXP_DEnsembleModel_Alpha158_csi300_custom_step0_s_20260427_14,41d880b00afd4ea4a047eb8e78e68398,0.034,,,
204,2026-04-27,SZ000858,-0.13858461033991207,EXP_DEnsembleModel_Alpha158_csi300_custom_step0_s_20260427_14,41d880b00afd4ea4a047eb8e78e68398,0.034,,,
205,2026-04-27,SZ000876,-0.034434573793624274,EXP_DEnsembleModel_Alpha158_csi300_custom_step0_s_20260427_14,41d880b00afd4ea4a047eb8e78e68398,0.034,,,
206,2026-04-27,SZ000895,-0.018759753669671038,EXP_DEnsembleModel_Alpha158_csi300_custom_step0_s_20260427_14,41d880b00afd4ea4a047eb8e78e68398,0.034,,,
207,2026-04-27,SZ000938,0.11172925259793788,EXP_DEnsembleModel_Alpha158_csi300_custom_step0_s_20260427_14,41d880b00afd4ea4a047eb8e78e68398,0.034,,,
208,2026-04-27,SZ002142,-0.07132614845595533,EXP_DEnsembleModel_Alpha158_csi300_custom_step0_s_20260427_14,41d880b00afd4ea4a047eb8e78e68398,0.034,,,
209,2026-04-27,SZ000963,-0.14349520986162143,EXP_DEnsembleModel_Alpha158_csi300_custom_step0_s_20260427_14,41d880b00afd4ea4a047eb8e78e68398,0.034,,,
210,2026-04-27,SZ000977,0.08989699773427598,EXP_DEnsembleModel_Alpha158_csi300_custom_step0_s_20260427_14,41d880b00afd4ea4a047eb8e78e68398,0.034,,,
211,2026-04-27,SZ000983,0.010542309063585992,EXP_DEnsembleModel_Alpha158_csi300_custom_step0_s_20260427_14,41d880b00afd4ea4a047eb8e78e68398,0.034,,,
212,2026-04-27,SZ000999,-0.07105270540348177,EXP_DEnsembleModel_Alpha158_csi300_custom_step0_s_20260427_14,41d880b00afd4ea4a047eb8e78e68398,0.034,,,
213,2026-04-27,SZ001391,0.00028805037313538526,EXP_DEnsembleModel_Alpha158_csi300_custom_step0_s_20260427_14,41d880b00afd4ea4a047eb8e78e68398,0.034,,,
214,2026-04-27,SZ001965,0.0240461897075315,EXP_DEnsembleModel_Alpha158_csi300_custom_step0_s_20260427_14,41d880b00afd4ea4a047eb8e78e68398,0.034,,,
215,2026-04-27,SZ001979,0.057225225978137784,EXP_DEnsembleModel_Alpha158_csi300_custom_step0_s_20260427_14,41d880b00afd4ea4a047eb8e78e68398,0.034,,,
216,2026-04-27,SZ002001,0.16463873948865868,EXP_DEnsembleModel_Alpha158_csi300_custom_step0_s_20260427_14,41d880b00afd4ea4a047eb8e78e68398,0.034,,,
217,2026-04-27,SZ002027,-0.06333576710632362,EXP_DEnsembleModel_Alpha158_csi300_custom_step0_s_20260427_14,41d880b00afd4ea4a047eb8e78e68398,0.034,,,
218,2026-04-27,SZ002028,-0.0491508927518555,EXP_DEnsembleModel_Alpha158_csi300_custom_step0_s_20260427_14,41d880b00afd4ea4a047eb8e78e68398,0.034,,,
219,2026-04-27,SZ002049,0.058983246776379915,EXP_DEnsembleModel_Alpha158_csi300_custom_step0_s_20260427_14,41d880b00afd4ea4a047eb8e78e68398,0.034,,,
220,2026-04-27,SZ002050,0.04978222960576085,EXP_DEnsembleModel_Alpha158_csi300_custom_step0_s_20260427_14,41d880b00afd4ea4a047eb8e78e68398,0.034,,,
221,2026-04-27,SZ000975,0.01649162734830997,EXP_DEnsembleModel_Alpha158_csi300_custom_step0_s_20260427_14,41d880b00afd4ea4a047eb8e78e68398,0.034,,,
222,2026-04-27,SH601985,-0.006964782423096614,EXP_DEnsembleModel_Alpha158_csi300_custom_step0_s_20260427_14,41d880b00afd4ea4a047eb8e78e68398,0.034,,,
223,2026-04-27,SH600918,-0.030569491907954216,EXP_LinearModel_Alpha158_csi300_custom_step0_s_20260427_14,c62c4616d2fb45e488a5454159e80034,0.044,,,
224,2026-04-27,SH600926,0.04758170247077942,EXP_LinearModel_Alpha158_csi300_custom_step0_s_20260427_14,c62c4616d2fb45e488a5454159e80034,0.044,,,
225,2026-04-27,SZ000895,0.041310522705316544,EXP_LinearModel_Alpha158_csi300_custom_step0_s_20260427_14,c62c4616d2fb45e488a5454159e80034,0.044,,,
226,2026-04-27,SZ000938,-0.19616255164146423,EXP_LinearModel_Alpha158_csi300_custom_step0_s_20260427_14,c62c4616d2fb45e488a5454159e80034,0.044,,,
227,2026-04-27,SZ000963,-0.08970125019550323,EXP_LinearModel_Alpha158_csi300_custom_step0_s_20260427_14,c62c4616d2fb45e488a5454159e80034,0.044,,,
228,2026-04-27,SZ000975,0.040260620415210724,EXP_LinearModel_Alpha158_csi300_custom_step0_s_20260427_14,c62c4616d2fb45e488a5454159e80034,0.044,,,
229,2026-04-27,SZ000977,-0.03786632418632507,EXP_LinearModel_Alpha158_csi300_custom_step0_s_20260427_14,c62c4616d2fb45e488a5454159e80034,0.044,,,
230,2026-04-27,SZ000983,0.007324062287807465,EXP_LinearModel_Alpha158_csi300_custom_step0_s_20260427_14,c62c4616d2fb45e488a5454159e80034,0.044,,,
231,2026-04-27,SZ000999,-0.13672639429569244,EXP_LinearModel_Alpha158_csi300_custom_step0_s_20260427_14,c62c4616d2fb45e488a5454159e80034,0.044,,,
232,2026-04-27,SZ001391,0.042916327714920044,EXP_LinearModel_Alpha158_csi300_custom_step0_s_20260427_14,c62c4616d2fb45e488a5454159e80034,0.044,,,
233,2026-04-27,SZ001965,0.0026259436272084713,EXP_LinearModel_Alpha158_csi300_custom_step0_s_20260427_14,c62c4616d2fb45e488a5454159e80034,0.044,,,
234,2026-04-27,SZ001979,0.015841498970985413,EXP_LinearModel_Alpha158_csi300_custom_step0_s_20260427_14,c62c4616d2fb45e488a5454159e80034,0.044,,,
235,2026-04-27,SZ002001,0.02079930156469345,EXP_LinearModel_Alpha158_csi300_custom_step0_s_20260427_14,c62c4616d2fb45e488a5454159e80034,0.044,,,
236,2026-04-27,SZ000876,-0.09782570600509644,EXP_LinearModel_Alpha158_csi300_custom_step0_s_20260427_14,c62c4616d2fb45e488a5454159e80034,0.044,,,
237,2026-04-27,SZ002027,0.026300644502043724,EXP_LinearModel_Alpha158_csi300_custom_step0_s_20260427_14,c62c4616d2fb45e488a5454159e80034,0.044,,,
238,2026-04-27,SZ002049,6.896909326314926e-05,EXP_LinearModel_Alpha158_csi300_custom_step0_s_20260427_14,c62c4616d2fb45e488a5454159e80034,0.044,,,
239,2026-04-27,SZ002050,0.024105187505483627,EXP_LinearModel_Alpha158_csi300_custom_step0_s_20260427_14,c62c4616d2fb45e488a5454159e80034,0.044,,,
240,2026-04-27,SZ002074,0.021015120670199394,EXP_LinearModel_Alpha158_csi300_custom_step0_s_20260427_14,c62c4616d2fb45e488a5454159e80034,0.044,,,
241,2026-04-27,SZ002142,-0.05387089028954506,EXP_LinearModel_Alpha158_csi300_custom_step0_s_20260427_14,c62c4616d2fb45e488a5454159e80034,0.044,,,
242,2026-04-27,SZ002179,-0.004451195243746042,EXP_LinearModel_Alpha158_csi300_custom_step0_s_20260427_14,c62c4616d2fb45e488a5454159e80034,0.044,,,
243,2026-04-27,SZ002230,0.032320939004421234,EXP_LinearModel_Alpha158_csi300_custom_step0_s_20260427_14,c62c4616d2fb45e488a5454159e80034,0.044,,,
244,2026-04-27,SZ002236,-0.030777163803577423,EXP_LinearModel_Alpha158_csi300_custom_step0_s_20260427_14,c62c4616d2fb45e488a5454159e80034,0.044,,,
245,2026-04-27,SZ002241,-0.02781856432557106,EXP_LinearModel_Alpha158_csi300_custom_step0_s_20260427_14,c62c4616d2fb45e488a5454159e80034,0.044,,,
246,2026-04-27,SZ002252,-0.032116055488586426,EXP_LinearModel_Alpha158_csi300_custom_step0_s_20260427_14,c62c4616d2fb45e488a5454159e80034,0.044,,,
247,2026-04-27,SZ002304,-0.10212525725364685,EXP_LinearModel_Alpha158_csi300_custom_step0_s_20260427_14,c62c4616d2fb45e488a5454159e80034,0.044,,,
248,2026-04-27,SZ002311,-0.054628945887088776,EXP_LinearModel_Alpha158_csi300_custom_step0_s_20260427_14,c62c4616d2fb45e488a5454159e80034,0.044,,,
249,2026-04-27,SZ002028,-0.025362785905599594,EXP_LinearModel_Alpha158_csi300_custom_step0_s_20260427_14,c62c4616d2fb45e488a5454159e80034,0.044,,,
250,2026-04-27,SZ002352,-0.07660537213087082,EXP_LinearModel_Alpha158_csi300_custom_step0_s_20260427_14,c62c4616d2fb45e488a5454159e80034,0.044,,,
251,2026-04-27,SZ000858,-0.12759733200073242,EXP_LinearModel_Alpha158_csi300_custom_step0_s_20260427_14,c62c4616d2fb45e488a5454159e80034,0.044,,,
252,2026-04-27,SZ000792,-0.011299480684101582,EXP_LinearModel_Alpha158_csi300_custom_step0_s_20260427_14,c62c4616d2fb45e488a5454159e80034,0.044,,,
253,2026-04-27,SZ000001,-0.019519127905368805,EXP_LinearModel_Alpha158_csi300_custom_step0_s_20260427_14,c62c4616d2fb45e488a5454159e80034,0.044,,,
254,2026-04-27,SZ000002,-0.03135165572166443,EXP_LinearModel_Alpha158_csi300_custom_step0_s_20260427_14,c62c4616d2fb45e488a5454159e80034,0.044,,,
255,2026-04-27,SZ000063,-0.038794081658124924,EXP_LinearModel_Alpha158_csi300_custom_step0_s_20260427_14,c62c4616d2fb45e488a5454159e80034,0.044,,,
256,2026-04-27,SZ000100,0.009122886694967747,EXP_LinearModel_Alpha158_csi300_custom_step0_s_20260427_14,c62c4616d2fb45e488a5454159e80034,0.044,,,
257,2026-04-27,SZ000157,-0.07538121193647385,EXP_LinearModel_Alpha158_csi300_custom_step0_s_20260427_14,c62c4616d2fb45e488a5454159e80034,0.044,,,
258,2026-04-27,SZ000166,-0.036322060972452164,EXP_LinearModel_Alpha158_csi300_custom_step0_s_20260427_14,c62c4616d2fb45e488a5454159e80034,0.044,,,
259,2026-04-27,SZ000301,0.029755430296063423,EXP_LinearModel_Alpha158_csi300_custom_step0_s_20260427_14,c62c4616d2fb45e488a5454159e80034,0.044,,,
260,2026-04-27,SZ000333,0.03182191401720047,EXP_LinearModel_Alpha158_csi300_custom_step0_s_20260427_14,c62c4616d2fb45e488a5454159e80034,0.044,,,
261,2026-04-27,SZ000338,-0.14039185643196106,EXP_LinearModel_Alpha158_csi300_custom_step0_s_20260427_14,c62c4616d2fb45e488a5454159e80034,0.044,,,
262,2026-04-27,SZ000408,0.06025347858667374,EXP_LinearModel_Alpha158_csi300_custom_step0_s_20260427_14,c62c4616d2fb45e488a5454159e80034,0.044,,,
263,2026-04-27,SZ000425,-0.11440285295248032,EXP_LinearModel_Alpha158_csi300_custom_step0_s_20260427_14,c62c4616d2fb45e488a5454159e80034,0.044,,,
264,2026-04-27,SZ000807,0.11576926708221436,EXP_LinearModel_Alpha158_csi300_custom_step0_s_20260427_14,c62c4616d2fb45e488a5454159e80034,0.044,,,
265,2026-04-27,SZ000538,-0.05323382467031479,EXP_LinearModel_Alpha158_csi300_custom_step0_s_20260427_14,c62c4616d2fb45e488a5454159e80034,0.044,,,
266,2026-04-27,SZ000596,-0.10648225992918015,EXP_LinearModel_Alpha158_csi300_custom_step0_s_20260427_14,c62c4616d2fb45e488a5454159e80034,0.044,,,
267,2026-04-27,SZ000617,-0.11112496256828308,EXP_LinearModel_Alpha158_csi300_custom_step0_s_20260427_14,c62c4616d2fb45e488a5454159e80034,0.044,,,
268,2026-04-27,SZ000625,-0.0724688246846199,EXP_LinearModel_Alpha158_csi300_custom_step0_s_20260427_14,c62c4616d2fb45e488a5454159e80034,0.044,,,
269,2026-04-27,SZ000630,0.08607400953769684,EXP_LinearModel_Alpha158_csi300_custom_step0_s_20260427_14,c62c4616d2fb45e488a5454159e80034,0.044,,,
270,2026-04-27,SZ000651,0.038866449147462845,EXP_LinearModel_Alpha158_csi300_custom_step0_s_20260427_14,c62c4616d2fb45e488a5454159e80034,0.044,,,
271,2026-04-27,SZ000661,-0.0252386424690485,EXP_LinearModel_Alpha158_csi300_custom_step0_s_20260427_14,c62c4616d2fb45e488a5454159e80034,0.044,,,
272,2026-04-27,SZ000708,0.0027283080853521824,EXP_LinearModel_Alpha158_csi300_custom_step0_s_20260427_14,c62c4616d2fb45e488a5454159e80034,0.044,,,
273,2026-04-27,SZ000725,0.006406963337212801,EXP_LinearModel_Alpha158_csi300_custom_step0_s_20260427_14,c62c4616d2fb45e488a5454159e80034,0.044,,,
274,2026-04-27,SZ000768,-0.05133100599050522,EXP_LinearModel_Alpha158_csi300_custom_step0_s_20260427_14,c62c4616d2fb45e488a5454159e80034,0.044,,,
275,2026-04-27,SZ000776,0.0619569830596447,EXP_LinearModel_Alpha158_csi300_custom_step0_s_20260427_14,c62c4616d2fb45e488a5454159e80034,0.044,,,
276,2026-04-27,SZ000786,-0.09131982922554016,EXP_LinearModel_Alpha158_csi300_custom_step0_s_20260427_14,c62c4616d2fb45e488a5454159e80034,0.044,,,
277,2026-04-27,SZ000568,-0.0953320637345314,EXP_LinearModel_Alpha158_csi300_custom_step0_s_20260427_14,c62c4616d2fb45e488a5454159e80034,0.044,,,
278,2026-04-27,SH688981,-0.05744818598031998,EXP_LinearModel_Alpha158_csi300_custom_step0_s_20260427_14,c62c4616d2fb45e488a5454159e80034,0.044,,,
279,2026-04-27,SZ002371,0.01760682836174965,EXP_LinearModel_Alpha158_csi300_custom_step0_s_20260427_14,c62c4616d2fb45e488a5454159e80034,0.044,,,
280,2026-04-27,SZ002415,-0.00428992323577404,EXP_LinearModel_Alpha158_csi300_custom_step0_s_20260427_14,c62c4616d2fb45e488a5454159e80034,0.044,,,
281,2026-04-27,SZ300316,-0.005984762217849493,EXP_LinearModel_Alpha158_csi300_custom_step0_s_20260427_14,c62c4616d2fb45e488a5454159e80034,0.044,,,
282,2026-04-27,SZ300347,-0.022006966173648834,EXP_LinearModel_Alpha158_csi300_custom_step0_s_20260427_14,c62c4616d2fb45e488a5454159e80034,0.044,,,
283,2026-04-27,SZ300394,0.1262141466140747,EXP_LinearModel_Alpha158_csi300_custom_step0_s_20260427_14,c62c4616d2fb45e488a5454159e80034,0.044,,,
284,2026-04-27,SZ300408,-0.18141277134418488,EXP_LinearModel_Alpha158_csi300_custom_step0_s_20260427_14,c62c4616d2fb45e488a5454159e80034,0.044,,,
285,2026-04-27,SZ300413,-0.03786133602261543,EXP_LinearModel_Alpha158_csi300_custom_step0_s_20260427_14,c62c4616d2fb45e488a5454159e80034,0.044,,,
286,2026-04-27,SZ300418,0.040733110159635544,EXP_LinearModel_Alpha158_csi300_custom_step0_s_20260427_14,c62c4616d2fb45e488a5454159e80034,0.044,,,
287,2026-04-27,SZ300433,0.06519976258277893,EXP_LinearModel_Alpha158_csi300_custom_step0_s_20260427_14,c62c4616d2fb45e488a5454159e80034,0.044,,,
288,2026-04-27,SZ300442,0.09763669222593307,EXP_LinearModel_Alpha158_csi300_custom_step0_s_20260427_14,c62c4616d2fb45e488a5454159e80034,0.044,,,
289,2026-04-27,SZ300476,0.07833588868379593,EXP_LinearModel_Alpha158_csi300_custom_step0_s_20260427_14,c62c4616d2fb45e488a5454159e80034,0.044,,,
290,2026-04-27,SZ300498,-0.09740130603313446,EXP_LinearModel_Alpha158_csi300_custom_step0_s_20260427_14,c62c4616d2fb45e488a5454159e80034,0.044,,,
291,2026-04-27,SZ300502,0.0008540229755453765,EXP_LinearModel_Alpha158_csi300_custom_step0_s_20260427_14,c62c4616d2fb45e488a5454159e80034,0.044,,,
292,2026-04-27,SZ300308,-0.04582591727375984,EXP_LinearModel_Alpha158_csi300_custom_step0_s_20260427_14,c62c4616d2fb45e488a5454159e80034,0.044,,,
293,2026-04-27,SZ300628,-0.03593837469816208,EXP_LinearModel_Alpha158_csi300_custom_step0_s_20260427_14,c62c4616d2fb45e488a5454159e80034,0.044,,,
294,2026-04-27,SZ300750,0.02379649318754673,EXP_LinearModel_Alpha158_csi300_custom_step0_s_20260427_14,c62c4616d2fb45e488a5454159e80034,0.044,,,
295,2026-04-27,SZ300759,-0.018744507804512978,EXP_LinearModel_Alpha158_csi300_custom_step0_s_20260427_14,c62c4616d2fb45e488a5454159e80034,0.044,,,
296,2026-04-27,SZ300760,-0.001971519785001874,EXP_LinearModel_Alpha158_csi300_custom_step0_s_20260427_14,c62c4616d2fb45e488a5454159e80034,0.044,,,
297,2026-04-27,SZ300782,0.06480018049478531,EXP_LinearModel_Alpha158_csi300_custom_step0_s_20260427_14,c62c4616d2fb45e488a5454159e80034,0.044,,,
298,2026-04-27,SZ300803,0.007418705616146326,EXP_LinearModel_Alpha158_csi300_custom_step0_s_20260427_14,c62c4616d2fb45e488a5454159e80034,0.044,,,
299,2026-04-27,SZ300832,-0.017038902267813683,EXP_LinearModel_Alpha158_csi300_custom_step0_s_20260427_14,c62c4616d2fb45e488a5454159e80034,0.044,,,
300,2026-04-27,SZ300866,-0.04528180509805679,EXP_LinearModel_Alpha158_csi300_custom_step0_s_20260427_14,c62c4616d2fb45e488a5454159e80034,0.044,,,
301,2026-04-27,SZ300896,0.07680148631334305,EXP_LinearModel_Alpha158_csi300_custom_step0_s_20260427_14,c62c4616d2fb45e488a5454159e80034,0.044,,,
302,2026-04-27,SZ300979,-0.04387315362691879,EXP_LinearModel_Alpha158_csi300_custom_step0_s_20260427_14,c62c4616d2fb45e488a5454159e80034,0.044,,,
303,2026-04-27,SZ300999,-0.09512190520763397,EXP_LinearModel_Alpha158_csi300_custom_step0_s_20260427_14,c62c4616d2fb45e488a5454159e80034,0.044,,,
304,2026-04-27,SZ301236,-0.03741368651390076,EXP_LinearModel_Alpha158_csi300_custom_step0_s_20260427_14,c62c4616d2fb45e488a5454159e80034,0.044,,,
305,2026-04-27,SZ300661,-0.1728641390800476,EXP_LinearModel_Alpha158_csi300_custom_step0_s_20260427_14,c62c4616d2fb45e488a5454159e80034,0.044,,,
306,2026-04-27,SZ002384,-0.23625798523426056,EXP_LinearModel_Alpha158_csi300_custom_step0_s_20260427_14,c62c4616d2fb45e488a5454159e80034,0.044,,,
307,2026-04-27,SZ300274,0.13406029343605042,EXP_LinearModel_Alpha158_csi300_custom_step0_s_20260427_14,c62c4616d2fb45e488a5454159e80034,0.044,,,
308,2026-04-27,SZ300124,0.03018081560730934,EXP_LinearModel_Alpha158_csi300_custom_step0_s_20260427_14,c62c4616d2fb45e488a5454159e80034,0.044,,,
309,2026-04-27,SZ002422,-0.02097390964627266,EXP_LinearModel_Alpha158_csi300_custom_step0_s_20260427_14,c62c4616d2fb45e488a5454159e80034,0.044,,,
310,2026-04-27,SZ002459,0.028338678181171417,EXP_LinearModel_Alpha158_csi300_custom_step0_s_20260427_14,c62c4616d2fb45e488a5454159e80034,0.044,,,
311,2026-04-27,SZ002460,0.16080886125564575,EXP_LinearModel_Alpha158_csi300_custom_step0_s_20260427_14,c62c4616d2fb45e488a5454159e80034,0.044,,,
312,2026-04-27,SZ002463,-0.06143468618392944,EXP_LinearModel_Alpha158_csi300_custom_step0_s_20260427_14,c62c4616d2fb45e488a5454159e80034,0.044,,,
313,2026-04-27,SZ002466,-0.02527572028338909,EXP_LinearModel_Alpha158_csi300_custom_step0_s_20260427_14,c62c4616d2fb45e488a5454159e80034,0.044,,,
314,2026-04-27,SZ002475,-0.08122812211513519,EXP_LinearModel_Alpha158_csi300_custom_step0_s_20260427_14,c62c4616d2fb45e488a5454159e80034,0.044,,,
315,2026-04-27,SZ002493,-0.03630603104829788,EXP_LinearModel_Alpha158_csi300_custom_step0_s_20260427_14,c62c4616d2fb45e488a5454159e80034,0.044,,,
316,2026-04-27,SZ002594,-0.020349426195025444,EXP_LinearModel_Alpha158_csi300_custom_step0_s_20260427_14,c62c4616d2fb45e488a5454159e80034,0.044,,,
317,2026-04-27,SZ002600,-0.01646343246102333,EXP_LinearModel_Alpha158_csi300_custom_step0_s_20260427_14,c62c4616d2fb45e488a5454159e80034,0.044,,,
318,2026-04-27,SZ002601,0.02801203727722168,EXP_LinearModel_Alpha158_csi300_custom_step0_s_20260427_14,c62c4616d2fb45e488a5454159e80034,0.044,,,
319,2026-04-27,SZ002625,-0.03289598226547241,EXP_LinearModel_Alpha158_csi300_custom_step0_s_20260427_14,c62c4616d2fb45e488a5454159e80034,0.044,,,
320,2026-04-27,SZ300251,0.07486824691295624,EXP_LinearModel_Alpha158_csi300_custom_step0_s_20260427_14,c62c4616d2fb45e488a5454159e80034,0.044,,,
321,2026-04-27,SZ002648,0.055676475167274475,EXP_LinearModel_Alpha158_csi300_custom_step0_s_20260427_14,c62c4616d2fb45e488a5454159e80034,0.044,,,
322,2026-04-27,SZ002714,-0.02633180096745491,EXP_LinearModel_Alpha158_csi300_custom_step0_s_20260427_14,c62c4616d2fb45e488a5454159e80034,0.044,,,
323,2026-04-27,SZ002736,-0.10315382480621338,EXP_LinearModel_Alpha158_csi300_custom_step0_s_20260427_14,c62c4616d2fb45e488a5454159e80034,0.044,,,
324,2026-04-27,SZ002916,-0.05494195222854614,EXP_LinearModel_Alpha158_csi300_custom_step0_s_20260427_14,c62c4616d2fb45e488a5454159e80034,0.044,,,
325,2026-04-27,SZ002920,-0.008878525346517563,EXP_LinearModel_Alpha158_csi300_custom_step0_s_20260427_14,c62c4616d2fb45e488a5454159e80034,0.044,,,
326,2026-04-27,SZ002938,-0.2086954414844513,EXP_LinearModel_Alpha158_csi300_custom_step0_s_20260427_14,c62c4616d2fb45e488a5454159e80034,0.044,,,
327,2026-04-27,SZ003816,0.10575401037931442,EXP_LinearModel_Alpha158_csi300_custom_step0_s_20260427_14,c62c4616d2fb45e488a5454159e80034,0.044,,,
328,2026-04-27,SZ300014,0.04647640511393547,EXP_LinearModel_Alpha158_csi300_custom_step0_s_20260427_14,c62c4616d2fb45e488a5454159e80034,0.044,,,
329,2026-04-27,SZ300015,-0.0029040775261819363,EXP_LinearModel_Alpha158_csi300_custom_step0_s_20260427_14,c62c4616d2fb45e488a5454159e80034,0.044,,,
330,2026-04-27,SZ300033,0.06647855788469315,EXP_LinearModel_Alpha158_csi300_custom_step0_s_20260427_14,c62c4616d2fb45e488a5454159e80034,0.044,,,
331,2026-04-27,SZ300059,0.03432701528072357,EXP_LinearModel_Alpha158_csi300_custom_step0_s_20260427_14,c62c4616d2fb45e488a5454159e80034,0.044,,,
332,2026-04-27,SZ300122,-0.04755274951457977,EXP_LinearModel_Alpha158_csi300_custom_step0_s_20260427_14,c62c4616d2fb45e488a5454159e80034,0.044,,,
333,2026-04-27,SZ002709,-0.13997548818588257,EXP_LinearModel_Alpha158_csi300_custom_step0_s_20260427_14,c62c4616d2fb45e488a5454159e80034,0.044,,,
334,2026-04-27,SH600919,0.0009548785164952278,EXP_LinearModel_Alpha158_csi300_custom_step0_s_20260427_14,c62c4616d2fb45e488a5454159e80034,0.044,,,
335,2026-04-27,SH688506,0.051648370921611786,EXP_LinearModel_Alpha158_csi300_custom_step0_s_20260427_14,c62c4616d2fb45e488a5454159e80034,0.044,,,
336,2026-04-27,SH688396,-0.0724547803401947,EXP_LinearModel_Alpha158_csi300_custom_step0_s_20260427_14,c62c4616d2fb45e488a5454159e80034,0.044,,,
337,2026-04-27,SH601238,-0.08091920614242554,EXP_LinearModel_Alpha158_csi300_custom_step0_s_20260427_14,c62c4616d2fb45e488a5454159e80034,0.044,,,
338,2026-04-27,SH601288,0.03602660074830055,EXP_LinearModel_Alpha158_csi300_custom_step0_s_20260427_14,c62c4616d2fb45e488a5454159e80034,0.044,,,
339,2026-04-27,SH601298,0.06827057152986526,EXP_LinearModel_Alpha158_csi300_custom_step0_s_20260427_14,c62c4616d2fb45e488a5454159e80034,0.044,,,
340,2026-04-27,SH601318,-0.04660068452358246,EXP_LinearModel_Alpha158_csi300_custom_step0_s_20260427_14,c62c4616d2fb45e488a5454159e80034,0.044,,,
341,2026-04-27,SH601319,-0.0743066743016243,EXP_LinearModel_Alpha158_csi300_custom_step0_s_20260427_14,c62c4616d2fb45e488a5454159e80034,0.044,,,
342,2026-04-27,SH601328,0.007993906736373901,EXP_LinearModel_Alpha158_csi300_custom_step0_s_20260427_14,c62c4616d2fb45e488a5454159e80034,0.044,,,
343,2026-04-27,SH601336,0.05027984082698822,EXP_LinearModel_Alpha158_csi300_custom_step0_s_20260427_14,c62c4616d2fb45e488a5454159e80034,0.044,,,
344,2026-04-27,SH601360,0.049168661236763,EXP_LinearModel_Alpha158_csi300_custom_step0_s_20260427_14,c62c4616d2fb45e488a5454159e80034,0.044,,,
345,2026-04-27,SH601377,-0.0002548866905272007,EXP_LinearModel_Alpha158_csi300_custom_step0_s_20260427_14,c62c4616d2fb45e488a5454159e80034,0.044,,,
346,2026-04-27,SH601390,-0.1392860859632492,EXP_LinearModel_Alpha158_csi300_custom_step0_s_20260427_14,c62c4616d2fb45e488a5454159e80034,0.044,,,
347,2026-04-27,SH601398,0.042620912194252014,EXP_LinearModel_Alpha158_csi300_custom_step0_s_20260427_14,c62c4616d2fb45e488a5454159e80034,0.044,,,
348,2026-04-27,SH601236,-0.035943031311035156,EXP_LinearModel_Alpha158_csi300_custom_step0_s_20260427_14,c62c4616d2fb45e488a5454159e80034,0.044,,,
349,2026-04-27,SH601456,0.05463940277695656,EXP_LinearModel_Alpha158_csi300_custom_step0_s_20260427_14,c62c4616d2fb45e488a5454159e80034,0.044,,,
350,2026-04-27,SH601601,-0.026102997362613678,EXP_LinearModel_Alpha158_csi300_custom_step0_s_20260427_14,c62c4616d2fb45e488a5454159e80034,0.044,,,
351,2026-04-27,SH601607,-0.08642939478158951,EXP_LinearModel_Alpha158_csi300_custom_step0_s_20260427_14,c62c4616d2fb45e488a5454159e80034,0.044,,,
352,2026-04-27,SH601618,-0.11431099474430084,EXP_LinearModel_Alpha158_csi300_custom_step0_s_20260427_14,c62c4616d2fb45e488a5454159e80034,0.044,,,
353,2026-04-27,SH601628,0.026174206286668777,EXP_LinearModel_Alpha158_csi300_custom_step0_s_20260427_14,c62c4616d2fb45e488a5454159e80034,0.044,,,
354,2026-04-27,SH601633,-0.0756494551897049,EXP_LinearModel_Alpha158_csi300_custom_step0_s_20260427_14,c62c4616d2fb45e488a5454159e80034,0.044,,,
355,2026-04-27,SH601658,0.031552985310554504,EXP_LinearModel_Alpha158_csi300_custom_step0_s_20260427_14,c62c4616d2fb45e488a5454159e80034,0.044,,,
356,2026-04-27,SH601668,-0.08165960758924484,EXP_LinearModel_Alpha158_csi300_custom_step0_s_20260427_14,c62c4616d2fb45e488a5454159e80034,0.044,,,
357,2026-04-27,SH601669,-0.13939639925956726,EXP_LinearModel_Alpha158_csi300_custom_step0_s_20260427_14,c62c4616d2fb45e488a5454159e80034,0.044,,,
358,2026-04-27,SH601688,0.03745676577091217,EXP_LinearModel_Alpha158_csi300_custom_step0_s_20260427_14,c62c4616d2fb45e488a5454159e80034,0.044,,,
359,2026-04-27,SH601689,-0.00047256937250494957,EXP_LinearModel_Alpha158_csi300_custom_step0_s_20260427_14,c62c4616d2fb45e488a5454159e80034,0.044,,,
360,2026-04-27,SH601698,-0.021304117515683174,EXP_LinearModel_Alpha158_csi300_custom_step0_s_20260427_14,c62c4616d2fb45e488a5454159e80034,0.044,,,
361,2026-04-27,SH601600,-0.051813673228025436,EXP_LinearModel_Alpha158_csi300_custom_step0_s_20260427_14,c62c4616d2fb45e488a5454159e80034,0.044,,,
362,2026-04-27,SH601728,0.031669981777668,EXP_LinearModel_Alpha158_csi300_custom_step0_s_20260427_14,c62c4616d2fb45e488a5454159e80034,0.044,,,
363,2026-04-27,SH601229,-0.05962292477488518,EXP_LinearModel_Alpha158_csi300_custom_step0_s_20260427_14,c62c4616d2fb45e488a5454159e80034,0.044,,,
364,2026-04-27,SH601211,-0.11575742065906525,EXP_LinearModel_Alpha158_csi300_custom_step0_s_20260427_14,c62c4616d2fb45e488a5454159e80034,0.044,,,
365,2026-04-27,SH600930,0.01734493486583233,EXP_LinearModel_Alpha158_csi300_custom_step0_s_20260427_14,c62c4616d2fb45e488a5454159e80034,0.044,,,
366,2026-04-27,SH600938,-0.008163304068148136,EXP_LinearModel_Alpha158_csi300_custom_step0_s_20260427_14,c62c4616d2fb45e488a5454159e80034,0.044,,,
367,2026-04-27,SH600941,-0.011735872365534306,EXP_LinearModel_Alpha158_csi300_custom_step0_s_20260427_14,c62c4616d2fb45e488a5454159e80034,0.044,,,
368,2026-04-27,SH600989,-0.04027172550559044,EXP_LinearModel_Alpha158_csi300_custom_step0_s_20260427_14,c62c4616d2fb45e488a5454159e80034,0.044,,,
369,2026-04-27,SH600999,-0.052737656980752945,EXP_LinearModel_Alpha158_csi300_custom_step0_s_20260427_14,c62c4616d2fb45e488a5454159e80034,0.044,,,
370,2026-04-27,SH601006,-0.0041786059737205505,EXP_LinearModel_Alpha158_csi300_custom_step0_s_20260427_14,c62c4616d2fb45e488a5454159e80034,0.044,,,
371,2026-04-27,SH601009,0.022737815976142883,EXP_LinearModel_Alpha158_csi300_custom_step0_s_20260427_14,c62c4616d2fb45e488a5454159e80034,0.044,,,
372,2026-04-27,SH601012,-0.05845287814736366,EXP_LinearModel_Alpha158_csi300_custom_step0_s_20260427_14,c62c4616d2fb45e488a5454159e80034,0.044,,,
373,2026-04-27,SH601018,-0.0321044996380806,EXP_LinearModel_Alpha158_csi300_custom_step0_s_20260427_14,c62c4616d2fb45e488a5454159e80034,0.044,,,
374,2026-04-27,SH601021,-0.034019555896520615,EXP_LinearModel_Alpha158_csi300_custom_step0_s_20260427_14,c62c4616d2fb45e488a5454159e80034,0.044,,,
375,2026-04-27,SH601058,-0.022349201142787933,EXP_LinearModel_Alpha158_csi300_custom_step0_s_20260427_14,c62c4616d2fb45e488a5454159e80034,0.044,,,
376,2026-04-27,SH601225,-0.04080751910805702,EXP_LinearModel_Alpha158_csi300_custom_step0_s_20260427_14,c62c4616d2fb45e488a5454159e80034,0.044,,,
377,2026-04-27,SH601059,0.03471638262271881,EXP_LinearModel_Alpha158_csi300_custom_step0_s_20260427_14,c62c4616d2fb45e488a5454159e80034,0.044,,,
378,2026-04-27,SH601077,0.047247514128685,EXP_LinearModel_Alpha158_csi300_custom_step0_s_20260427_14,c62c4616d2fb45e488a5454159e80034,0.044,,,
379,2026-04-27,SH601088,0.0029784333892166615,EXP_LinearModel_Alpha158_csi300_custom_step0_s_20260427_14,c62c4616d2fb45e488a5454159e80034,0.044,,,
380,2026-04-27,SH601100,-0.008015823550522327,EXP_LinearModel_Alpha158_csi300_custom_step0_s_20260427_14,c62c4616d2fb45e488a5454159e80034,0.044,,,
381,2026-04-27,SH601111,-0.051656030118465424,EXP_LinearModel_Alpha158_csi300_custom_step0_s_20260427_14,c62c4616d2fb45e488a5454159e80034,0.044,,,
382,2026-04-27,SH601117,-0.08858232200145721,EXP_LinearModel_Alpha158_csi300_custom_step0_s_20260427_14,c62c4616d2fb45e488a5454159e80034,0.044,,,
383,2026-04-27,SH601127,0.06916210055351257,EXP_LinearModel_Alpha158_csi300_custom_step0_s_20260427_14,c62c4616d2fb45e488a5454159e80034,0.044,,,
384,2026-04-27,SH601136,-0.030631497502326965,EXP_LinearModel_Alpha158_csi300_custom_step0_s_20260427_14,c62c4616d2fb45e488a5454159e80034,0.044,,,
385,2026-04-27,SH601138,-0.15930303931236267,EXP_LinearModel_Alpha158_csi300_custom_step0_s_20260427_14,c62c4616d2fb45e488a5454159e80034,0.044,,,
386,2026-04-27,SH601166,-0.04124744236469269,EXP_LinearModel_Alpha158_csi300_custom_step0_s_20260427_14,c62c4616d2fb45e488a5454159e80034,0.044,,,
387,2026-04-27,SH601169,0.008534570224583149,EXP_LinearModel_Alpha158_csi300_custom_step0_s_20260427_14,c62c4616d2fb45e488a5454159e80034,0.044,,,
388,2026-04-27,SH601186,-0.1274820864200592,EXP_LinearModel_Alpha158_csi300_custom_step0_s_20260427_14,c62c4616d2fb45e488a5454159e80034,0.044,,,
389,2026-04-27,SH601066,-0.03397676348686218,EXP_LinearModel_Alpha158_csi300_custom_step0_s_20260427_14,c62c4616d2fb45e488a5454159e80034,0.044,,,
390,2026-04-27,SH688472,-0.00039822509279474616,EXP_LinearModel_Alpha158_csi300_custom_step0_s_20260427_14,c62c4616d2fb45e488a5454159e80034,0.044,,,
391,2026-04-27,SH601766,-0.08023977279663086,EXP_LinearModel_Alpha158_csi300_custom_step0_s_20260427_14,c62c4616d2fb45e488a5454159e80034,0.044,,,
392,2026-04-27,SH601800,-0.13565130531787872,EXP_LinearModel_Alpha158_csi300_custom_step0_s_20260427_14,c62c4616d2fb45e488a5454159e80034,0.044,,,
393,2026-04-27,SH603369,-0.03781887888908386,EXP_LinearModel_Alpha158_csi300_custom_step0_s_20260427_14,c62c4616d2fb45e488a5454159e80034,0.044,,,
394,2026-04-27,SH603392,0.025890540331602097,EXP_LinearModel_Alpha158_csi300_custom_step0_s_20260427_14,c62c4616d2fb45e488a5454159e80034,0.044,,,
395,2026-04-27,SH603501,0.07970350980758667,EXP_LinearModel_Alpha158_csi300_custom_step0_s_20260427_14,c62c4616d2fb45e488a5454159e80034,0.044,,,
396,2026-04-27,SH603799,-0.057267848402261734,EXP_LinearModel_Alpha158_csi300_custom_step0_s_20260427_14,c62c4616d2fb45e488a5454159e80034,0.044,,,
397,2026-04-27,SH603893,-0.018556267023086548,EXP_LinearModel_Alpha158_csi300_custom_step0_s_20260427_14,c62c4616d2fb45e488a5454159e80034,0.044,,,
398,2026-04-27,SH603986,0.04617345333099365,EXP_LinearModel_Alpha158_csi300_custom_step0_s_20260427_14,c62c4616d2fb45e488a5454159e80034,0.044,,,
399,2026-04-27,SH603993,-0.02433457225561142,EXP_LinearModel_Alpha158_csi300_custom_step0_s_20260427_14,c62c4616d2fb45e488a5454159e80034,0.044,,,
400,2026-04-27,SH605117,0.04938879981637001,EXP_LinearModel_Alpha158_csi300_custom_step0_s_20260427_14,c62c4616d2fb45e488a5454159e80034,0.044,,,
401,2026-04-27,SH605499,0.022711047902703285,EXP_LinearModel_Alpha158_csi300_custom_step0_s_20260427_14,c62c4616d2fb45e488a5454159e80034,0.044,,,
402,2026-04-27,SH688008,-0.11551450192928314,EXP_LinearModel_Alpha158_csi300_custom_step0_s_20260427_14,c62c4616d2fb45e488a5454159e80034,0.044,,,
403,2026-04-27,SH688009,-0.17755597829818726,EXP_LinearModel_Alpha158_csi300_custom_step0_s_20260427_14,c62c4616d2fb45e488a5454159e80034,0.044,,,
404,2026-04-27,SH603296,-0.12316084653139114,EXP_LinearModel_Alpha158_csi300_custom_step0_s_20260427_14,c62c4616d2fb45e488a5454159e80034,0.044,,,
405,2026-04-27,SH688012,0.002112771850079298,EXP_LinearModel_Alpha158_csi300_custom_step0_s_20260427_14,c62c4616d2fb45e488a5454159e80034,0.044,,,
406,2026-04-27,SH688041,-0.11802016198635101,EXP_LinearModel_Alpha158_csi300_custom_step0_s_20260427_14,c62c4616d2fb45e488a5454159e80034,0.044,,,
407,2026-04-27,SH688047,-0.08014623820781708,EXP_LinearModel_Alpha158_csi300_custom_step0_s_20260427_14,c62c4616d2fb45e488a5454159e80034,0.044,,,
408,2026-04-27,SH688082,-0.07530172914266586,EXP_LinearModel_Alpha158_csi300_custom_step0_s_20260427_14,c62c4616d2fb45e488a5454159e80034,0.044,,,
409,2026-04-27,SH688111,-0.0804254487156868,EXP_LinearModel_Alpha158_csi300_custom_step0_s_20260427_14,c62c4616d2fb45e488a5454159e80034,0.044,,,
410,2026-04-27,SH688126,0.005235066171735525,EXP_LinearModel_Alpha158_csi300_custom_step0_s_20260427_14,c62c4616d2fb45e488a5454159e80034,0.044,,,
411,2026-04-27,SH688169,-0.009864924475550652,EXP_LinearModel_Alpha158_csi300_custom_step0_s_20260427_14,c62c4616d2fb45e488a5454159e80034,0.044,,,
412,2026-04-27,SH688187,-0.08459032326936722,EXP_LinearModel_Alpha158_csi300_custom_step0_s_20260427_14,c62c4616d2fb45e488a5454159e80034,0.044,,,
413,2026-04-27,SH688223,0.08120882511138916,EXP_LinearModel_Alpha158_csi300_custom_step0_s_20260427_14,c62c4616d2fb45e488a5454159e80034,0.044,,,
414,2026-04-27,SH688256,0.05203957110643387,EXP_LinearModel_Alpha158_csi300_custom_step0_s_20260427_14,c62c4616d2fb45e488a5454159e80034,0.044,,,
415,2026-04-27,SH688271,0.006801852025091648,EXP_LinearModel_Alpha158_csi300_custom_step0_s_20260427_14,c62c4616d2fb45e488a5454159e80034,0.044,,,
416,2026-04-27,SH688303,0.03968917578458786,EXP_LinearModel_Alpha158_csi300_custom_step0_s_20260427_14,c62c4616d2fb45e488a5454159e80034,0.044,,,
417,2026-04-27,SH688036,-0.017476564273238182,EXP_LinearModel_Alpha158_csi300_custom_step0_s_20260427_14,c62c4616d2fb45e488a5454159e80034,0.044,,,
418,2026-04-27,SH601788,-0.08182268589735031,EXP_LinearModel_Alpha158_csi300_custom_step0_s_20260427_14,c62c4616d2fb45e488a5454159e80034,0.044,,,
419,2026-04-27,SH603288,0.048902835696935654,EXP_LinearModel_Alpha158_csi300_custom_step0_s_20260427_14,c62c4616d2fb45e488a5454159e80034,0.044,,,
420,2026-04-27,SH603259,0.015302179381251335,EXP_LinearModel_Alpha158_csi300_custom_step0_s_20260427_14,c62c4616d2fb45e488a5454159e80034,0.044,,,
421,2026-04-27,SH601808,-0.06133364886045456,EXP_LinearModel_Alpha158_csi300_custom_step0_s_20260427_14,c62c4616d2fb45e488a5454159e80034,0.044,,,
422,2026-04-27,SH601816,-0.010828593745827675,EXP_LinearModel_Alpha158_csi300_custom_step0_s_20260427_14,c62c4616d2fb45e488a5454159e80034,0.044,,,
423,2026-04-27,SH601818,-0.06407096236944199,EXP_LinearModel_Alpha158_csi300_custom_step0_s_20260427_14,c62c4616d2fb45e488a5454159e80034,0.044,,,
424,2026-04-27,SH601825,0.006879253778606653,EXP_LinearModel_Alpha158_csi300_custom_step0_s_20260427_14,c62c4616d2fb45e488a5454159e80034,0.044,,,
425,2026-04-27,SH601838,-0.052736517041921616,EXP_LinearModel_Alpha158_csi300_custom_step0_s_20260427_14,c62c4616d2fb45e488a5454159e80034,0.044,,,
426,2026-04-27,SH601857,-0.019587775692343712,EXP_LinearModel_Alpha158_csi300_custom_step0_s_20260427_14,c62c4616d2fb45e488a5454159e80034,0.044,,,
427,2026-04-27,SH601868,-0.04156612977385521,EXP_LinearModel_Alpha158_csi300_custom_step0_s_20260427_14,c62c4616d2fb45e488a5454159e80034,0.044,,,
428,2026-04-27,SH601872,0.02956073358654976,EXP_LinearModel_Alpha158_csi300_custom_step0_s_20260427_14,c62c4616d2fb45e488a5454159e80034,0.044,,,
429,2026-04-27,SH601877,-0.15470878779888153,EXP_LinearModel_Alpha158_csi300_custom_step0_s_20260427_14,c62c4616d2fb45e488a5454159e80034,0.044,,,
430,2026-04-27,SH601878,-0.028300397098064423,EXP_LinearModel_Alpha158_csi300_custom_step0_s_20260427_14,c62c4616d2fb45e488a5454159e80034,0.044,,,
431,2026-04-27,SH601881,-0.03951374813914299,EXP_LinearModel_Alpha158_csi300_custom_step0_s_20260427_14,c62c4616d2fb45e488a5454159e80034,0.044,,,
432,2026-04-27,SH603260,-0.06584812700748444,EXP_LinearModel_Alpha158_csi300_custom_step0_s_20260427_14,c62c4616d2fb45e488a5454159e80034,0.044,,,
433,2026-04-27,SH601888,-0.07420706748962402,EXP_LinearModel_Alpha158_csi300_custom_step0_s_20260427_14,c62c4616d2fb45e488a5454159e80034,0.044,,,
434,2026-04-27,SH601899,-0.012132064439356327,EXP_LinearModel_Alpha158_csi300_custom_step0_s_20260427_14,c62c4616d2fb45e488a5454159e80034,0.044,,,
435,2026-04-27,SH601901,0.026047684252262115,EXP_LinearModel_Alpha158_csi300_custom_step0_s_20260427_14,c62c4616d2fb45e488a5454159e80034,0.044,,,
436,2026-04-27,SH601916,-0.01885148510336876,EXP_LinearModel_Alpha158_csi300_custom_step0_s_20260427_14,c62c4616d2fb45e488a5454159e80034,0.044,,,
437,2026-04-27,SH601919,-0.19825199246406555,EXP_LinearModel_Alpha158_csi300_custom_step0_s_20260427_14,c62c4616d2fb45e488a5454159e80034,0.044,,,
438,2026-04-27,SH601939,0.004601187538355589,EXP_LinearModel_Alpha158_csi300_custom_step0_s_20260427_14,c62c4616d2fb45e488a5454159e80034,0.044,,,
439,2026-04-27,SH601985,0.039772119373083115,EXP_LinearModel_Alpha158_csi300_custom_step0_s_20260427_14,c62c4616d2fb45e488a5454159e80034,0.044,,,
440,2026-04-27,SH601988,0.04835104942321777,EXP_LinearModel_Alpha158_csi300_custom_step0_s_20260427_14,c62c4616d2fb45e488a5454159e80034,0.044,,,
441,2026-04-27,SH601995,0.06456848978996277,EXP_LinearModel_Alpha158_csi300_custom_step0_s_20260427_14,c62c4616d2fb45e488a5454159e80034,0.044,,,
442,2026-04-27,SH601998,0.02892003208398819,EXP_LinearModel_Alpha158_csi300_custom_step0_s_20260427_14,c62c4616d2fb45e488a5454159e80034,0.044,,,
443,2026-04-27,SH603019,-0.05723823979496956,EXP_LinearModel_Alpha158_csi300_custom_step0_s_20260427_14,c62c4616d2fb45e488a5454159e80034,0.044,,,
444,2026-04-27,SH603195,-0.07651827484369278,EXP_LinearModel_Alpha158_csi300_custom_step0_s_20260427_14,c62c4616d2fb45e488a5454159e80034,0.044,,,
445,2026-04-27,SH601898,-0.0769461989402771,EXP_LinearModel_Alpha158_csi300_custom_step0_s_20260427_14,c62c4616d2fb45e488a5454159e80034,0.044,,,
446,2026-04-27,SH601939,0.048764911157939295,EXP_DEnsembleModel_Alpha158_csi300_custom_step0_s_20260427_14,41d880b00afd4ea4a047eb8e78e68398,0.034,,,
447,2026-04-27,SH601919,-0.0366393909397899,EXP_DEnsembleModel_Alpha158_csi300_custom_step0_s_20260427_14,41d880b00afd4ea4a047eb8e78e68398,0.034,,,
448,2026-04-27,SH601916,-0.06681149318621103,EXP_DEnsembleModel_Alpha158_csi300_custom_step0_s_20260427_14,41d880b00afd4ea4a047eb8e78e68398,0.034,,,
449,2026-04-27,SH601878,-0.03144931935522007,EXP_DEnsembleModel_Alpha158_csi300_custom_step0_s_20260427_14,c5577474b61e416c9f19ed4ade4137ed,0.071,,,
450,2026-04-27,SH601881,-0.09218978973249392,EXP_DEnsembleModel_Alpha158_csi300_custom_step0_s_20260427_14,c5577474b61e416c9f19ed4ade4137ed,0.071,,,
451,2026-04-27,SH601888,-0.05918455676820514,EXP_DEnsembleModel_Alpha158_csi300_custom_step0_s_20260427_14,c5577474b61e416c9f19ed4ade4137ed,0.071,,,
452,2026-04-27,SH601898,-0.2851275804030024,EXP_DEnsembleModel_Alpha158_csi300_custom_step0_s_20260427_14,c5577474b61e416c9f19ed4ade4137ed,0.071,,,
453,2026-04-27,SH601899,-0.1250132645731903,EXP_DEnsembleModel_Alpha158_csi300_custom_step0_s_20260427_14,c5577474b61e416c9f19ed4ade4137ed,0.071,,,
454,2026-04-27,SH601901,0.014703186281893217,EXP_DEnsembleModel_Alpha158_csi300_custom_step0_s_20260427_14,c5577474b61e416c9f19ed4ade4137ed,0.071,,,
455,2026-04-27,SH601916,0.012219520247127486,EXP_DEnsembleModel_Alpha158_csi300_custom_step0_s_20260427_14,c5577474b61e416c9f19ed4ade4137ed,0.071,,,
456,2026-04-27,SH601919,-0.09978274147639216,EXP_DEnsembleModel_Alpha158_csi300_custom_step0_s_20260427_14,c5577474b61e416c9f19ed4ade4137ed,0.071,,,
457,2026-04-27,SH601939,0.046596872769367415,EXP_DEnsembleModel_Alpha158_csi300_custom_step0_s_20260427_14,c5577474b61e416c9f19ed4ade4137ed,0.071,,,
458,2026-04-27,SH601985,0.01977787720037642,EXP_DEnsembleModel_Alpha158_csi300_custom_step0_s_20260427_14,c5577474b61e416c9f19ed4ade4137ed,0.071,,,
459,2026-04-27,SH601988,0.0606550148446296,EXP_DEnsembleModel_Alpha158_csi300_custom_step0_s_20260427_14,c5577474b61e416c9f19ed4ade4137ed,0.071,,,
460,2026-04-27,SH601877,-0.023431891522837707,EXP_DEnsembleModel_Alpha158_csi300_custom_step0_s_20260427_14,c5577474b61e416c9f19ed4ade4137ed,0.071,,,
461,2026-04-27,SH601995,0.07803091087028945,EXP_DEnsembleModel_Alpha158_csi300_custom_step0_s_20260427_14,c5577474b61e416c9f19ed4ade4137ed,0.071,,,
462,2026-04-27,SH603019,-0.009086067078332018,EXP_DEnsembleModel_Alpha158_csi300_custom_step0_s_20260427_14,c5577474b61e416c9f19ed4ade4137ed,0.071,,,
463,2026-04-27,SH603195,-0.020668391766635597,EXP_DEnsembleModel_Alpha158_csi300_custom_step0_s_20260427_14,c5577474b61e416c9f19ed4ade4137ed,0.071,,,
464,2026-04-27,SH603259,-0.01897444897827731,EXP_DEnsembleModel_Alpha158_csi300_custom_step0_s_20260427_14,c5577474b61e416c9f19ed4ade4137ed,0.071,,,
465,2026-04-27,SH603260,-0.004642002465111886,EXP_DEnsembleModel_Alpha158_csi300_custom_step0_s_20260427_14,c5577474b61e416c9f19ed4ade4137ed,0.071,,,
466,2026-04-27,SH603288,0.09693354639022671,EXP_DEnsembleModel_Alpha158_csi300_custom_step0_s_20260427_14,c5577474b61e416c9f19ed4ade4137ed,0.071,,,
467,2026-04-27,SH603296,-0.12577249605845842,EXP_DEnsembleModel_Alpha158_csi300_custom_step0_s_20260427_14,c5577474b61e416c9f19ed4ade4137ed,0.071,,,
468,2026-04-27,SH603369,0.04381733545358231,EXP_DEnsembleModel_Alpha158_csi300_custom_step0_s_20260427_14,c5577474b61e416c9f19ed4ade4137ed,0.071,,,
469,2026-04-27,SH603392,-0.0061540026463328045,EXP_DEnsembleModel_Alpha158_csi300_custom_step0_s_20260427_14,c5577474b61e416c9f19ed4ade4137ed,0.071,,,
470,2026-04-27,SH603501,0.11141253757921239,EXP_DEnsembleModel_Alpha158_csi300_custom_step0_s_20260427_14,c5577474b61e416c9f19ed4ade4137ed,0.071,,,
471,2026-04-27,SH603799,0.060676298652129236,EXP_DEnsembleModel_Alpha158_csi300_custom_step0_s_20260427_14,c5577474b61e416c9f19ed4ade4137ed,0.071,,,
472,2026-04-27,SH603893,-0.04323211966419897,EXP_DEnsembleModel_Alpha158_csi300_custom_step0_s_20260427_14,c5577474b61e416c9f19ed4ade4137ed,0.071,,,
473,2026-04-27,SH601998,0.1365608709142965,EXP_DEnsembleModel_Alpha158_csi300_custom_step0_s_20260427_14,c5577474b61e416c9f19ed4ade4137ed,0.071,,,
474,2026-04-27,SH603986,-0.016667540891705985,EXP_DEnsembleModel_Alpha158_csi300_custom_step0_s_20260427_14,c5577474b61e416c9f19ed4ade4137ed,0.071,,,
475,2026-04-27,SH601872,0.05380185779731254,EXP_DEnsembleModel_Alpha158_csi300_custom_step0_s_20260427_14,c5577474b61e416c9f19ed4ade4137ed,0.071,,,
476,2026-04-27,SH601857,0.0073465272400759845,EXP_DEnsembleModel_Alpha158_csi300_custom_step0_s_20260427_14,c5577474b61e416c9f19ed4ade4137ed,0.071,,,
477,2026-04-27,SH601390,-0.04543702025151826,EXP_DEnsembleModel_Alpha158_csi300_custom_step0_s_20260427_14,c5577474b61e416c9f19ed4ade4137ed,0.071,,,
478,2026-04-27,SH601398,0.04062062397167165,EXP_DEnsembleModel_Alpha158_csi300_custom_step0_s_20260427_14,c5577474b61e416c9f19ed4ade4137ed,0.071,,,
479,2026-04-27,SH601456,0.019589628588688377,EXP_DEnsembleModel_Alpha158_csi300_custom_step0_s_20260427_14,c5577474b61e416c9f19ed4ade4137ed,0.071,,,
480,2026-04-27,SH601600,-0.025427257885290024,EXP_DEnsembleModel_Alpha158_csi300_custom_step0_s_20260427_14,c5577474b61e416c9f19ed4ade4137ed,0.071,,,
481,2026-04-27,SH601601,-0.03568330583965293,EXP_DEnsembleModel_Alpha158_csi300_custom_step0_s_20260427_14,c5577474b61e416c9f19ed4ade4137ed,0.071,,,
482,2026-04-27,SH601607,-0.043042504958401916,EXP_DEnsembleModel_Alpha158_csi300_custom_step0_s_20260427_14,c5577474b61e416c9f19ed4ade4137ed,0.071,,,
483,2026-04-27,SH601618,-0.04942860482069909,EXP_DEnsembleModel_Alpha158_csi300_custom_step0_s_20260427_14,c5577474b61e416c9f19ed4ade4137ed,0.071,,,
484,2026-04-27,SH601628,0.03371408787182164,EXP_DEnsembleModel_Alpha158_csi300_custom_step0_s_20260427_14,c5577474b61e416c9f19ed4ade4137ed,0.071,,,
485,2026-04-27,SH601633,-0.004455132133203075,EXP_DEnsembleModel_Alpha158_csi300_custom_step0_s_20260427_14,c5577474b61e416c9f19ed4ade4137ed,0.071,,,
486,2026-04-27,SH601658,0.06462404599960964,EXP_DEnsembleModel_Alpha158_csi300_custom_step0_s_20260427_14,c5577474b61e416c9f19ed4ade4137ed,0.071,,,
487,2026-04-27,SH601668,-0.04160732020350949,EXP_DEnsembleModel_Alpha158_csi300_custom_step0_s_20260427_14,c5577474b61e416c9f19ed4ade4137ed,0.071,,,
488,2026-04-27,SH601868,-0.055027720723360415,EXP_DEnsembleModel_Alpha158_csi300_custom_step0_s_20260427_14,c5577474b61e416c9f19ed4ade4137ed,0.071,,,
489,2026-04-27,SH601669,-0.0018293688294267214,EXP_DEnsembleModel_Alpha158_csi300_custom_step0_s_20260427_14,c5577474b61e416c9f19ed4ade4137ed,0.071,,,
490,2026-04-27,SH601689,-0.11032991823630485,EXP_DEnsembleModel_Alpha158_csi300_custom_step0_s_20260427_14,c5577474b61e416c9f19ed4ade4137ed,0.071,,,
491,2026-04-27,SH601698,-0.045066125329990145,EXP_DEnsembleModel_Alpha158_csi300_custom_step0_s_20260427_14,c5577474b61e416c9f19ed4ade4137ed,0.071,,,
492,2026-04-27,SH601728,0.05445023243319955,EXP_DEnsembleModel_Alpha158_csi300_custom_step0_s_20260427_14,c5577474b61e416c9f19ed4ade4137ed,0.071,,,
493,2026-04-27,SH601766,-0.09786840770419677,EXP_DEnsembleModel_Alpha158_csi300_custom_step0_s_20260427_14,c5577474b61e416c9f19ed4ade4137ed,0.071,,,
494,2026-04-27,SH601788,-0.1135230330600024,EXP_DEnsembleModel_Alpha158_csi300_custom_step0_s_20260427_14,c5577474b61e416c9f19ed4ade4137ed,0.071,,,
495,2026-04-27,SH601800,-0.09704424189417137,EXP_DEnsembleModel_Alpha158_csi300_custom_step0_s_20260427_14,c5577474b61e416c9f19ed4ade4137ed,0.071,,,
496,2026-04-27,SH601808,-0.047035003410365255,EXP_DEnsembleModel_Alpha158_csi300_custom_step0_s_20260427_14,c5577474b61e416c9f19ed4ade4137ed,0.071,,,
497,2026-04-27,SH601816,-0.017003510562650304,EXP_DEnsembleModel_Alpha158_csi300_custom_step0_s_20260427_14,c5577474b61e416c9f19ed4ade4137ed,0.071,,,
498,2026-04-27,SH601818,-0.03744854090865689,EXP_DEnsembleModel_Alpha158_csi300_custom_step0_s_20260427_14,c5577474b61e416c9f19ed4ade4137ed,0.071,,,
499,2026-04-27,SH601825,0.020628880976411735,EXP_DEnsembleModel_Alpha158_csi300_custom_step0_s_20260427_14,c5577474b61e416c9f19ed4ade4137ed,0.071,,,
500,2026-04-27,SH601838,0.024803480919272595,EXP_DEnsembleModel_Alpha158_csi300_custom_step0_s_20260427_14,c5577474b61e416c9f19ed4ade4137ed,0.071,,,
501,2026-04-27,SH601688,-0.022082396591496384,EXP_DEnsembleModel_Alpha158_csi300_custom_step0_s_20260427_14,c5577474b61e416c9f19ed4ade4137ed,0.071,,,
502,2026-04-27,SH601377,-0.02050344260424449,EXP_DEnsembleModel_Alpha158_csi300_custom_step0_s_20260427_14,c5577474b61e416c9f19ed4ade4137ed,0.071,,,
503,2026-04-27,SH603993,-0.10278824050958667,EXP_DEnsembleModel_Alpha158_csi300_custom_step0_s_20260427_14,c5577474b61e416c9f19ed4ade4137ed,0.071,,,
504,2026-04-27,SH605499,0.017091564851358588,EXP_DEnsembleModel_Alpha158_csi300_custom_step0_s_20260427_14,c5577474b61e416c9f19ed4ade4137ed,0.071,,,
505,2026-04-27,SZ000408,0.02558097934974637,EXP_DEnsembleModel_Alpha158_csi300_custom_step0_s_20260427_14,c5577474b61e416c9f19ed4ade4137ed,0.071,,,
506,2026-04-27,SZ000425,-0.07202427431267332,EXP_DEnsembleModel_Alpha158_csi300_custom_step0_s_20260427_14,c5577474b61e416c9f19ed4ade4137ed,0.071,,,
507,2026-04-27,SZ000538,-0.044786739271426505,EXP_DEnsembleModel_Alpha158_csi300_custom_step0_s_20260427_14,c5577474b61e416c9f19ed4ade4137ed,0.071,,,
508,2026-04-27,SZ000568,-0.008162290591891731,EXP_DEnsembleModel_Alpha158_csi300_custom_step0_s_20260427_14,c5577474b61e416c9f19ed4ade4137ed,0.071,,,
509,2026-04-27,SZ000596,-0.015712187177081775,EXP_DEnsembleModel_Alpha158_csi300_custom_step0_s_20260427_14,c5577474b61e416c9f19ed4ade4137ed,0.071,,,
510,2026-04-27,SZ000617,-0.0371239122442749,EXP_DEnsembleModel_Alpha158_csi300_custom_step0_s_20260427_14,c5577474b61e416c9f19ed4ade4137ed,0.071,,,
511,2026-04-27,SZ000625,-0.004219016016848494,EXP_DEnsembleModel_Alpha158_csi300_custom_step0_s_20260427_14,c5577474b61e416c9f19ed4ade4137ed,0.071,,,
512,2026-04-27,SZ000630,0.02951240254819115,EXP_DEnsembleModel_Alpha158_csi300_custom_step0_s_20260427_14,c5577474b61e416c9f19ed4ade4137ed,0.071,,,
513,2026-04-27,SZ000651,-0.0031203492427737977,EXP_DEnsembleModel_Alpha158_csi300_custom_step0_s_20260427_14,c5577474b61e416c9f19ed4ade4137ed,0.071,,,
514,2026-04-27,SZ000661,-0.024512867609931176,EXP_DEnsembleModel_Alpha158_csi300_custom_step0_s_20260427_14,c5577474b61e416c9f19ed4ade4137ed,0.071,,,
515,2026-04-27,SZ000708,-0.050451396447425585,EXP_DEnsembleModel_Alpha158_csi300_custom_step0_s_20260427_14,c5577474b61e416c9f19ed4ade4137ed,0.071,,,
516,2026-04-27,SZ000338,-0.12614647078105218,EXP_DEnsembleModel_Alpha158_csi300_custom_step0_s_20260427_14,c5577474b61e416c9f19ed4ade4137ed,0.071,,,
517,2026-04-27,SZ000725,-0.03137367135888571,EXP_DEnsembleModel_Alpha158_csi300_custom_step0_s_20260427_14,c5577474b61e416c9f19ed4ade4137ed,0.071,,,
518,2026-04-27,SZ000776,0.1159488280342247,EXP_DEnsembleModel_Alpha158_csi300_custom_step0_s_20260427_14,c5577474b61e416c9f19ed4ade4137ed,0.071,,,
519,2026-04-27,SZ000786,-0.008801596283326376,EXP_DEnsembleModel_Alpha158_csi300_custom_step0_s_20260427_14,c5577474b61e416c9f19ed4ade4137ed,0.071,,,
520,2026-04-27,SZ000792,-0.05848059613408605,EXP_DEnsembleModel_Alpha158_csi300_custom_step0_s_20260427_14,c5577474b61e416c9f19ed4ade4137ed,0.071,,,
521,2026-04-27,SZ000807,0.03507304667016172,EXP_DEnsembleModel_Alpha158_csi300_custom_step0_s_20260427_14,c5577474b61e416c9f19ed4ade4137ed,0.071,,,
522,2026-04-27,SZ000858,-0.057783208243242526,EXP_DEnsembleModel_Alpha158_csi300_custom_step0_s_20260427_14,c5577474b61e416c9f19ed4ade4137ed,0.071,,,
523,2026-04-27,SZ000876,-0.06499123331425831,EXP_DEnsembleModel_Alpha158_csi300_custom_step0_s_20260427_14,c5577474b61e416c9f19ed4ade4137ed,0.071,,,
524,2026-04-27,SZ000895,0.04173652246164009,EXP_DEnsembleModel_Alpha158_csi300_custom_step0_s_20260427_14,c5577474b61e416c9f19ed4ade4137ed,0.071,,,
525,2026-04-27,SZ000938,0.012723407455939145,EXP_DEnsembleModel_Alpha158_csi300_custom_step0_s_20260427_14,c5577474b61e416c9f19ed4ade4137ed,0.071,,,
526,2026-04-27,SZ000963,-0.03831739602822652,EXP_DEnsembleModel_Alpha158_csi300_custom_step0_s_20260427_14,c5577474b61e416c9f19ed4ade4137ed,0.071,,,
527,2026-04-27,SZ000975,-0.040087254791561715,EXP_DEnsembleModel_Alpha158_csi300_custom_step0_s_20260427_14,c5577474b61e416c9f19ed4ade4137ed,0.071,,,
528,2026-04-27,SZ000977,-0.06499110014327403,EXP_DEnsembleModel_Alpha158_csi300_custom_step0_s_20260427_14,c5577474b61e416c9f19ed4ade4137ed,0.071,,,
529,2026-04-27,SZ000768,-0.05528322709180321,EXP_DEnsembleModel_Alpha158_csi300_custom_step0_s_20260427_14,c5577474b61e416c9f19ed4ade4137ed,0.071,,,
530,2026-04-27,SH605117,-0.018581324318425223,EXP_DEnsembleModel_Alpha158_csi300_custom_step0_s_20260427_14,c5577474b61e416c9f19ed4ade4137ed,0.071,,,
531,2026-04-27,SZ000333,0.11287157494079772,EXP_DEnsembleModel_Alpha158_csi300_custom_step0_s_20260427_14,c5577474b61e416c9f19ed4ade4137ed,0.071,,,
532,2026-04-27,SZ000166,-0.019749963442960778,EXP_DEnsembleModel_Alpha158_csi300_custom_step0_s_20260427_14,c5577474b61e416c9f19ed4ade4137ed,0.071,,,
533,2026-04-27,SH688008,-0.08427655346043324,EXP_DEnsembleModel_Alpha158_csi300_custom_step0_s_20260427_14,c5577474b61e416c9f19ed4ade4137ed,0.071,,,
534,2026-04-27,SH688009,-0.06678746621804245,EXP_DEnsembleModel_Alpha158_csi300_custom_step0_s_20260427_14,c5577474b61e416c9f19ed4ade4137ed,0.071,,,
535,2026-04-27,SH688012,0.1626910007438839,EXP_DEnsembleModel_Alpha158_csi300_custom_step0_s_20260427_14,c5577474b61e416c9f19ed4ade4137ed,0.071,,,
536,2026-04-27,SH688036,0.0679614739518165,EXP_DEnsembleModel_Alpha158_csi300_custom_step0_s_20260427_14,c5577474b61e416c9f19ed4ade4137ed,0.071,,,
537,2026-04-27,SH688041,0.07308487429295385,EXP_DEnsembleModel_Alpha158_csi300_custom_step0_s_20260427_14,c5577474b61e416c9f19ed4ade4137ed,0.071,,,
538,2026-04-27,SH688047,0.01314367429219382,EXP_DEnsembleModel_Alpha158_csi300_custom_step0_s_20260427_14,c5577474b61e416c9f19ed4ade4137ed,0.071,,,
539,2026-04-27,SH688082,0.028174526204364003,EXP_DEnsembleModel_Alpha158_csi300_custom_step0_s_20260427_14,c5577474b61e416c9f19ed4ade4137ed,0.071,,,
540,2026-04-27,SH688111,-0.029689233612389367,EXP_DEnsembleModel_Alpha158_csi300_custom_step0_s_20260427_14,c5577474b61e416c9f19ed4ade4137ed,0.071,,,
541,2026-04-27,SH688126,0.028890105093000277,EXP_DEnsembleModel_Alpha158_csi300_custom_step0_s_20260427_14,c5577474b61e416c9f19ed4ade4137ed,0.071,,,
542,2026-04-27,SH688169,-0.07075741912671726,EXP_DEnsembleModel_Alpha158_csi300_custom_step0_s_20260427_14,c5577474b61e416c9f19ed4ade4137ed,0.071,,,
543,2026-04-27,SH688187,-0.0016965755531924709,EXP_DEnsembleModel_Alpha158_csi300_custom_step0_s_20260427_14,c5577474b61e416c9f19ed4ade4137ed,0.071,,,
544,2026-04-27,SZ000301,-0.21507990454932968,EXP_DEnsembleModel_Alpha158_csi300_custom_step0_s_20260427_14,c5577474b61e416c9f19ed4ade4137ed,0.071,,,
545,2026-04-27,SH688223,-0.022859169653550483,EXP_DEnsembleModel_Alpha158_csi300_custom_step0_s_20260427_14,c5577474b61e416c9f19ed4ade4137ed,0.071,,,
546,2026-04-27,SH688271,0.029381785819341345,EXP_DEnsembleModel_Alpha158_csi300_custom_step0_s_20260427_14,c5577474b61e416c9f19ed4ade4137ed,0.071,,,
547,2026-04-27,SH688303,-0.08690828421135872,EXP_DEnsembleModel_Alpha158_csi300_custom_step0_s_20260427_14,c5577474b61e416c9f19ed4ade4137ed,0.071,,,
548,2026-04-27,SH688396,-0.03541115481517588,EXP_DEnsembleModel_Alpha158_csi300_custom_step0_s_20260427_14,c5577474b61e416c9f19ed4ade4137ed,0.071,,,
549,2026-04-27,SH688472,0.03945690394222316,EXP_DEnsembleModel_Alpha158_csi300_custom_step0_s_20260427_14,c5577474b61e416c9f19ed4ade4137ed,0.071,,,
550,2026-04-27,SH688506,-0.004202707265354229,EXP_DEnsembleModel_Alpha158_csi300_custom_step0_s_20260427_14,c5577474b61e416c9f19ed4ade4137ed,0.071,,,
551,2026-04-27,SH688981,-0.10521119981593127,EXP_DEnsembleModel_Alpha158_csi300_custom_step0_s_20260427_14,c5577474b61e416c9f19ed4ade4137ed,0.071,,,
552,2026-04-27,SZ000001,-0.039709511813175266,EXP_DEnsembleModel_Alpha158_csi300_custom_step0_s_20260427_14,c5577474b61e416c9f19ed4ade4137ed,0.071,,,
553,2026-04-27,SZ000002,-0.11091296335700981,EXP_DEnsembleModel_Alpha158_csi300_custom_step0_s_20260427_14,c5577474b61e416c9f19ed4ade4137ed,0.071,,,
554,2026-04-27,SZ000063,0.05585667110025826,EXP_DEnsembleModel_Alpha158_csi300_custom_step0_s_20260427_14,c5577474b61e416c9f19ed4ade4137ed,0.071,,,
555,2026-04-27,SZ000100,-0.04635263457277276,EXP_DEnsembleModel_Alpha158_csi300_custom_step0_s_20260427_14,c5577474b61e416c9f19ed4ade4137ed,0.071,,,
556,2026-04-27,SZ000157,-0.12780673681590313,EXP_DEnsembleModel_Alpha158_csi300_custom_step0_s_20260427_14,c5577474b61e416c9f19ed4ade4137ed,0.071,,,
557,2026-04-27,SH688256,0.2033674895555794,EXP_DEnsembleModel_Alpha158_csi300_custom_step0_s_20260427_14,c5577474b61e416c9f19ed4ade4137ed,0.071,,,
558,2026-04-27,SZ000983,-0.04577216010490215,EXP_DEnsembleModel_Alpha158_csi300_custom_step0_s_20260427_14,c5577474b61e416c9f19ed4ade4137ed,0.071,,,
559,2026-04-27,SH601360,-0.015027991796959425,EXP_DEnsembleModel_Alpha158_csi300_custom_step0_s_20260427_14,c5577474b61e416c9f19ed4ade4137ed,0.071,,,
560,2026-04-27,SH601328,0.0948608465253591,EXP_DEnsembleModel_Alpha158_csi300_custom_step0_s_20260427_14,c5577474b61e416c9f19ed4ade4137ed,0.071,,,
561,2026-04-27,SH600176,0.04203681484776344,EXP_DEnsembleModel_Alpha158_csi300_custom_step0_s_20260427_14,c5577474b61e416c9f19ed4ade4137ed,0.071,,,
562,2026-04-27,SH600183,-0.09729901880503654,EXP_DEnsembleModel_Alpha158_csi300_custom_step0_s_20260427_14,c5577474b61e416c9f19ed4ade4137ed,0.071,,,
563,2026-04-27,SH600188,-0.19503712262546571,EXP_DEnsembleModel_Alpha158_csi300_custom_step0_s_20260427_14,c5577474b61e416c9f19ed4ade4137ed,0.071,,,
564,2026-04-27,SH600196,-0.08832117969359858,EXP_DEnsembleModel_Alpha158_csi300_custom_step0_s_20260427_14,c5577474b61e416c9f19ed4ade4137ed,0.071,,,
565,2026-04-27,SH600219,-0.09315456309529191,EXP_DEnsembleModel_Alpha158_csi300_custom_step0_s_20260427_14,c5577474b61e416c9f19ed4ade4137ed,0.071,,,
566,2026-04-27,SH600233,0.12572072573330467,EXP_DEnsembleModel_Alpha158_csi300_custom_step0_s_20260427_14,c5577474b61e416c9f19ed4ade4137ed,0.071,,,
567,2026-04-27,SH600276,-0.018230499423008223,EXP_DEnsembleModel_Alpha158_csi300_custom_step0_s_20260427_14,c5577474b61e416c9f19ed4ade4137ed,0.071,,,
568,2026-04-27,SH600309,0.012705054039652323,EXP_DEnsembleModel_Alpha158_csi300_custom_step0_s_20260427_14,c5577474b61e416c9f19ed4ade4137ed,0.071,,,
569,2026-04-27,SH600346,0.022119240182941525,EXP_DEnsembleModel_Alpha158_csi300_custom_step0_s_20260427_14,c5577474b61e416c9f19ed4ade4137ed,0.071,,,
570,2026-04-27,SH600362,-0.09977300302532773,EXP_DEnsembleModel_Alpha158_csi300_custom_step0_s_20260427_14,c5577474b61e416c9f19ed4ade4137ed,0.071,,,
571,2026-04-27,SH600372,-0.006624197502587148,EXP_DEnsembleModel_Alpha158_csi300_custom_step0_s_20260427_14,c5577474b61e416c9f19ed4ade4137ed,0.071,,,
572,2026-04-27,SH600161,-0.06898262158843292,EXP_DEnsembleModel_Alpha158_csi300_custom_step0_s_20260427_14,c5577474b61e416c9f19ed4ade4137ed,0.071,,,
573,2026-04-27,SH600377,-0.007619267269498083,EXP_DEnsembleModel_Alpha158_csi300_custom_step0_s_20260427_14,c5577474b61e416c9f19ed4ade4137ed,0.071,,,
574,2026-04-27,SH600415,-0.0055262514041304394,EXP_DEnsembleModel_Alpha158_csi300_custom_step0_s_20260427_14,c5577474b61e416c9f19ed4ade4137ed,0.071,,,
575,2026-04-27,SH600426,-0.12798948082039377,EXP_DEnsembleModel_Alpha158_csi300_custom_step0_s_20260427_14,c5577474b61e416c9f19ed4ade4137ed,0.071,,,
576,2026-04-27,SH600436,-0.08081220584608641,EXP_DEnsembleModel_Alpha158_csi300_custom_step0_s_20260427_14,c5577474b61e416c9f19ed4ade4137ed,0.071,,,
577,2026-04-27,SH600438,-0.07214956469252219,EXP_DEnsembleModel_Alpha158_csi300_custom_step0_s_20260427_14,c5577474b61e416c9f19ed4ade4137ed,0.071,,,
578,2026-04-27,SH600460,0.03620292142046807,EXP_DEnsembleModel_Alpha158_csi300_custom_step0_s_20260427_14,c5577474b61e416c9f19ed4ade4137ed,0.071,,,
579,2026-04-27,SH600482,-0.01607827832934697,EXP_DEnsembleModel_Alpha158_csi300_custom_step0_s_20260427_14,c5577474b61e416c9f19ed4ade4137ed,0.071,,,
580,2026-04-27,SH600489,-0.06472490176112251,EXP_DEnsembleModel_Alpha158_csi300_custom_step0_s_20260427_14,c5577474b61e416c9f19ed4ade4137ed,0.071,,,
581,2026-04-27,SH600515,-0.03525134760773626,EXP_DEnsembleModel_Alpha158_csi300_custom_step0_s_20260427_14,c5577474b61e416c9f19ed4ade4137ed,0.071,,,
582,2026-04-27,SH600519,-0.06900734480060078,EXP_DEnsembleModel_Alpha158_csi300_custom_step0_s_20260427_14,c5577474b61e416c9f19ed4ade4137ed,0.071,,,
583,2026-04-27,SH600522,-0.02058558319412942,EXP_DEnsembleModel_Alpha158_csi300_custom_step0_s_20260427_14,c5577474b61e416c9f19ed4ade4137ed,0.071,,,
584,2026-04-27,SH600547,0.056142369414483285,EXP_DEnsembleModel_Alpha158_csi300_custom_step0_s_20260427_14,c5577474b61e416c9f19ed4ade4137ed,0.071,,,
585,2026-04-27,SH600406,-0.009305647403549859,EXP_DEnsembleModel_Alpha158_csi300_custom_step0_s_20260427_14,c5577474b61e416c9f19ed4ade4137ed,0.071,,,
586,2026-04-27,SH600570,-0.03141532408261796,EXP_DEnsembleModel_Alpha158_csi300_custom_step0_s_20260427_14,c5577474b61e416c9f19ed4ade4137ed,0.071,,,
587,2026-04-27,SH600160,-0.07767608511411066,EXP_DEnsembleModel_Alpha158_csi300_custom_step0_s_20260427_14,c5577474b61e416c9f19ed4ade4137ed,0.071,,,
588,2026-04-27,SH600115,-0.04209238008437657,EXP_DEnsembleModel_Alpha158_csi300_custom_step0_s_20260427_14,c5577474b61e416c9f19ed4ade4137ed,0.071,,,
589,2026-04-27,SH600010,-0.06457831045673826,EXP_DEnsembleModel_Alpha158_csi300_custom_step0_s_20260427_14,c5577474b61e416c9f19ed4ade4137ed,0.071,,,
590,2026-04-27,SH600011,0.016234886685992066,EXP_DEnsembleModel_Alpha158_csi300_custom_step0_s_20260427_14,c5577474b61e416c9f19ed4ade4137ed,0.071,,,
591,2026-04-27,SH600015,-0.0204411257084306,EXP_DEnsembleModel_Alpha158_csi300_custom_step0_s_20260427_14,c5577474b61e416c9f19ed4ade4137ed,0.071,,,
592,2026-04-27,SH600016,0.013935507331503212,EXP_DEnsembleModel_Alpha158_csi300_custom_step0_s_20260427_14,c5577474b61e416c9f19ed4ade4137ed,0.071,,,
593,2026-04-27,SH600018,-0.04437823284165436,EXP_DEnsembleModel_Alpha158_csi300_custom_step0_s_20260427_14,c5577474b61e416c9f19ed4ade4137ed,0.071,,,
594,2026-04-27,SH600019,0.05413342308150997,EXP_DEnsembleModel_Alpha158_csi300_custom_step0_s_20260427_14,c5577474b61e416c9f19ed4ade4137ed,0.071,,,
595,2026-04-27,SH600023,-0.006457977163954386,EXP_DEnsembleModel_Alpha158_csi300_custom_step0_s_20260427_14,c5577474b61e416c9f19ed4ade4137ed,0.071,,,
596,2026-04-27,SH600025,-0.010838731171301486,EXP_DEnsembleModel_Alpha158_csi300_custom_step0_s_20260427_14,c5577474b61e416c9f19ed4ade4137ed,0.071,,,
597,2026-04-27,SH600026,0.12247768322845953,EXP_DEnsembleModel_Alpha158_csi300_custom_step0_s_20260427_14,c5577474b61e416c9f19ed4ade4137ed,0.071,,,
598,2026-04-27,SH600027,0.005258981825131162,EXP_DEnsembleModel_Alpha158_csi300_custom_step0_s_20260427_14,c5577474b61e416c9f19ed4ade4137ed,0.071,,,
599,2026-04-27,SH600028,-0.12493763297976809,EXP_DEnsembleModel_Alpha158_csi300_custom_step0_s_20260427_14,c5577474b61e416c9f19ed4ade4137ed,0.071,,,
600,2026-04-27,SH600150,0.025823567210630845,EXP_DEnsembleModel_Alpha158_csi300_custom_step0_s_20260427_14,c5577474b61e416c9f19ed4ade4137ed,0.071,,,
601,2026-04-27,SH600029,-0.08459140713248268,EXP_DEnsembleModel_Alpha158_csi300_custom_step0_s_20260427_14,c5577474b61e416c9f19ed4ade4137ed,0.071,,,
602,2026-04-27,SH600031,-0.08972035915320702,EXP_DEnsembleModel_Alpha158_csi300_custom_step0_s_20260427_14,c5577474b61e416c9f19ed4ade4137ed,0.071,,,
603,2026-04-27,SH600036,-0.03290768207737473,EXP_DEnsembleModel_Alpha158_csi300_custom_step0_s_20260427_14,c5577474b61e416c9f19ed4ade4137ed,0.071,,,
604,2026-04-27,SH600039,-0.13898742002359987,EXP_DEnsembleModel_Alpha158_csi300_custom_step0_s_20260427_14,c5577474b61e416c9f19ed4ade4137ed,0.071,,,
605,2026-04-27,SH600048,-0.0048759313933018295,EXP_DEnsembleModel_Alpha158_csi300_custom_step0_s_20260427_14,c5577474b61e416c9f19ed4ade4137ed,0.071,,,
606,2026-04-27,SH600050,0.0013649227554555653,EXP_DEnsembleModel_Alpha158_csi300_custom_step0_s_20260427_14,c5577474b61e416c9f19ed4ade4137ed,0.071,,,
607,2026-04-27,SH600061,-0.04040846307069549,EXP_DEnsembleModel_Alpha158_csi300_custom_step0_s_20260427_14,c5577474b61e416c9f19ed4ade4137ed,0.071,,,
608,2026-04-27,SH600066,0.09687092249804145,EXP_DEnsembleModel_Alpha158_csi300_custom_step0_s_20260427_14,c5577474b61e416c9f19ed4ade4137ed,0.071,,,
609,2026-04-27,SH600085,-0.05687349427865248,EXP_DEnsembleModel_Alpha158_csi300_custom_step0_s_20260427_14,c5577474b61e416c9f19ed4ade4137ed,0.071,,,
610,2026-04-27,SH600089,-0.029461648694256413,EXP_DEnsembleModel_Alpha158_csi300_custom_step0_s_20260427_14,c5577474b61e416c9f19ed4ade4137ed,0.071,,,
611,2026-04-27,SH600104,-0.04825771327839853,EXP_DEnsembleModel_Alpha158_csi300_custom_step0_s_20260427_14,c5577474b61e416c9f19ed4ade4137ed,0.071,,,
612,2026-04-27,SH600111,-0.0979464793510896,EXP_DEnsembleModel_Alpha158_csi300_custom_step0_s_20260427_14,c5577474b61e416c9f19ed4ade4137ed,0.071,,,
613,2026-04-27,SH600030,0.07380806129683869,EXP_DEnsembleModel_Alpha158_csi300_custom_step0_s_20260427_14,c5577474b61e416c9f19ed4ade4137ed,0.071,,,
614,2026-04-27,SH601336,0.007608596900719894,EXP_DEnsembleModel_Alpha158_csi300_custom_step0_s_20260427_14,c5577474b61e416c9f19ed4ade4137ed,0.071,,,
615,2026-04-27,SH600584,0.07382096361203667,EXP_DEnsembleModel_Alpha158_csi300_custom_step0_s_20260427_14,c5577474b61e416c9f19ed4ade4137ed,0.071,,,
616,2026-04-27,SH600588,0.007754102098827673,EXP_DEnsembleModel_Alpha158_csi300_custom_step0_s_20260427_14,c5577474b61e416c9f19ed4ade4137ed,0.071,,,
617,2026-04-27,SH601021,0.026349024232025616,EXP_DEnsembleModel_Alpha158_csi300_custom_step0_s_20260427_14,c5577474b61e416c9f19ed4ade4137ed,0.071,,,
618,2026-04-27,SH601058,-0.014059956767951425,EXP_DEnsembleModel_Alpha158_csi300_custom_step0_s_20260427_14,c5577474b61e416c9f19ed4ade4137ed,0.071,,,
619,2026-04-27,SH601059,0.003813439523253511,EXP_DEnsembleModel_Alpha158_csi300_custom_step0_s_20260427_14,c5577474b61e416c9f19ed4ade4137ed,0.071,,,
620,2026-04-27,SH601066,0.007112581590028167,EXP_DEnsembleModel_Alpha158_csi300_custom_step0_s_20260427_14,c5577474b61e416c9f19ed4ade4137ed,0.071,,,
621,2026-04-27,SH601077,0.08190170590180361,EXP_DEnsembleModel_Alpha158_csi300_custom_step0_s_20260427_14,c5577474b61e416c9f19ed4ade4137ed,0.071,,,
622,2026-04-27,SH601088,0.011830503267484629,EXP_DEnsembleModel_Alpha158_csi300_custom_step0_s_20260427_14,c5577474b61e416c9f19ed4ade4137ed,0.071,,,
623,2026-04-27,SH601100,-0.01396519957681449,EXP_DEnsembleModel_Alpha158_csi300_custom_step0_s_20260427_14,c5577474b61e416c9f19ed4ade4137ed,0.071,,,
624,2026-04-27,SH601111,-0.13433722618953314,EXP_DEnsembleModel_Alpha158_csi300_custom_step0_s_20260427_14,c5577474b61e416c9f19ed4ade4137ed,0.071,,,
625,2026-04-27,SH601117,-0.09760635363544753,EXP_DEnsembleModel_Alpha158_csi300_custom_step0_s_20260427_14,c5577474b61e416c9f19ed4ade4137ed,0.071,,,
626,2026-04-27,SH601127,-0.047706130044765684,EXP_DEnsembleModel_Alpha158_csi300_custom_step0_s_20260427_14,c5577474b61e416c9f19ed4ade4137ed,0.071,,,
627,2026-04-27,SH601136,-0.027199123921796155,EXP_DEnsembleModel_Alpha158_csi300_custom_step0_s_20260427_14,c5577474b61e416c9f19ed4ade4137ed,0.071,,,
628,2026-04-27,SH601018,-0.031553499853612575,EXP_DEnsembleModel_Alpha158_csi300_custom_step0_s_20260427_14,c5577474b61e416c9f19ed4ade4137ed,0.071,,,
629,2026-04-27,SH601138,-0.037222387264996146,EXP_DEnsembleModel_Alpha158_csi300_custom_step0_s_20260427_14,c5577474b61e416c9f19ed4ade4137ed,0.071,,,
630,2026-04-27,SH601169,0.0433524559684713,EXP_DEnsembleModel_Alpha158_csi300_custom_step0_s_20260427_14,c5577474b61e416c9f19ed4ade4137ed,0.071,,,
631,2026-04-27,SH601186,-0.06235209151803321,EXP_DEnsembleModel_Alpha158_csi300_custom_step0_s_20260427_14,c5577474b61e416c9f19ed4ade4137ed,0.071,,,
632,2026-04-27,SH601211,-0.10008136835585663,EXP_DEnsembleModel_Alpha158_csi300_custom_step0_s_20260427_14,c5577474b61e416c9f19ed4ade4137ed,0.071,,,
633,2026-04-27,SH601225,-0.03983714545043205,EXP_DEnsembleModel_Alpha158_csi300_custom_step0_s_20260427_14,c5577474b61e416c9f19ed4ade4137ed,0.071,,,
634,2026-04-27,SH601229,-0.010310528379486343,EXP_DEnsembleModel_Alpha158_csi300_custom_step0_s_20260427_14,c5577474b61e416c9f19ed4ade4137ed,0.071,,,
635,2026-04-27,SH601236,0.000950371600678026,EXP_DEnsembleModel_Alpha158_csi300_custom_step0_s_20260427_14,c5577474b61e416c9f19ed4ade4137ed,0.071,,,
636,2026-04-27,SH601238,0.010719292653266344,EXP_DEnsembleModel_Alpha158_csi300_custom_step0_s_20260427_14,c5577474b61e416c9f19ed4ade4137ed,0.071,,,
637,2026-04-27,SH601288,0.033427375470504714,EXP_DEnsembleModel_Alpha158_csi300_custom_step0_s_20260427_14,c5577474b61e416c9f19ed4ade4137ed,0.071,,,
638,2026-04-27,SH601298,0.07532453720019126,EXP_DEnsembleModel_Alpha158_csi300_custom_step0_s_20260427_14,c5577474b61e416c9f19ed4ade4137ed,0.071,,,
639,2026-04-27,SH601318,-0.015051688898101255,EXP_DEnsembleModel_Alpha158_csi300_custom_step0_s_20260427_14,c5577474b61e416c9f19ed4ade4137ed,0.071,,,
640,2026-04-27,SH601319,-0.012028966105820422,EXP_DEnsembleModel_Alpha158_csi300_custom_step0_s_20260427_14,c5577474b61e416c9f19ed4ade4137ed,0.071,,,
641,2026-04-27,SH601166,-0.01403629062114539,EXP_DEnsembleModel_Alpha158_csi300_custom_step0_s_20260427_14,c5577474b61e416c9f19ed4ade4137ed,0.071,,,
642,2026-04-27,SH600585,-0.09231681203890045,EXP_DEnsembleModel_Alpha158_csi300_custom_step0_s_20260427_14,c5577474b61e416c9f19ed4ade4137ed,0.071,,,
643,2026-04-27,SH601012,0.045184409582261595,EXP_DEnsembleModel_Alpha158_csi300_custom_step0_s_20260427_14,c5577474b61e416c9f19ed4ade4137ed,0.071,,,
644,2026-04-27,SH601006,0.0024998791322967703,EXP_DEnsembleModel_Alpha158_csi300_custom_step0_s_20260427_14,c5577474b61e416c9f19ed4ade4137ed,0.071,,,
645,2026-04-27,SH600600,-0.017808449110550156,EXP_DEnsembleModel_Alpha158_csi300_custom_step0_s_20260427_14,c5577474b61e416c9f19ed4ade4137ed,0.071,,,
646,2026-04-27,SH600660,0.02930202853909063,EXP_DEnsembleModel_Alpha158_csi300_custom_step0_s_20260427_14,c5577474b61e416c9f19ed4ade4137ed,0.071,,,
647,2026-04-27,SH600674,0.011335404053288419,EXP_DEnsembleModel_Alpha158_csi300_custom_step0_s_20260427_14,c5577474b61e416c9f19ed4ade4137ed,0.071,,,
648,2026-04-27,SH600690,0.007184745386083216,EXP_DEnsembleModel_Alpha158_csi300_custom_step0_s_20260427_14,c5577474b61e416c9f19ed4ade4137ed,0.071,,,
649,2026-04-27,SH600741,0.017187713412245276,EXP_DEnsembleModel_Alpha158_csi300_custom_step0_s_20260427_14,c5577474b61e416c9f19ed4ade4137ed,0.071,,,
650,2026-04-27,SH600760,-0.13277053997761676,EXP_DEnsembleModel_Alpha158_csi300_custom_step0_s_20260427_14,c5577474b61e416c9f19ed4ade4137ed,0.071,,,
651,2026-04-27,SH600795,0.05832074756725481,EXP_DEnsembleModel_Alpha158_csi300_custom_step0_s_20260427_14,c5577474b61e416c9f19ed4ade4137ed,0.071,,,
652,2026-04-27,SH600803,0.04092736905610872,EXP_DEnsembleModel_Alpha158_csi300_custom_step0_s_20260427_14,c5577474b61e416c9f19ed4ade4137ed,0.071,,,
653,2026-04-27,SH600809,0.024316546760973928,EXP_DEnsembleModel_Alpha158_csi300_custom_step0_s_20260427_14,c5577474b61e416c9f19ed4ade4137ed,0.071,,,
654,2026-04-27,SH600845,-0.01935812709175257,EXP_DEnsembleModel_Alpha158_csi300_custom_step0_s_20260427_14,c5577474b61e416c9f19ed4ade4137ed,0.071,,,
655,2026-04-27,SH600875,-0.07343746132122507,EXP_DEnsembleModel_Alpha158_csi300_custom_step0_s_20260427_14,c5577474b61e416c9f19ed4ade4137ed,0.071,,,
656,2026-04-27,SH601009,-0.017619573795755045,EXP_DEnsembleModel_Alpha158_csi300_custom_step0_s_20260427_14,c5577474b61e416c9f19ed4ade4137ed,0.071,,,
657,2026-04-27,SH600886,0.05072900430468243,EXP_DEnsembleModel_Alpha158_csi300_custom_step0_s_20260427_14,c5577474b61e416c9f19ed4ade4137ed,0.071,,,
658,2026-04-27,SH600893,0.0025342794145524036,EXP_DEnsembleModel_Alpha158_csi300_custom_step0_s_20260427_14,c5577474b61e416c9f19ed4ade4137ed,0.071,,,
659,2026-04-27,SH600900,-0.028471490243595472,EXP_DEnsembleModel_Alpha158_csi300_custom_step0_s_20260427_14,c5577474b61e416c9f19ed4ade4137ed,0.071,,,
660,2026-04-27,SH600905,-0.03315997386458302,EXP_DEnsembleModel_Alpha158_csi300_custom_step0_s_20260427_14,c5577474b61e416c9f19ed4ade4137ed,0.071,,,
661,2026-04-27,SH600918,-0.034200350597781114,EXP_DEnsembleModel_Alpha158_csi300_custom_step0_s_20260427_14,c5577474b61e416c9f19ed4ade4137ed,0.071,,,
662,2026-04-27,SH600919,0.08471612839919143,EXP_DEnsembleModel_Alpha158_csi300_custom_step0_s_20260427_14,c5577474b61e416c9f19ed4ade4137ed,0.071,,,
663,2026-04-27,SH600926,0.06697901511644425,EXP_DEnsembleModel_Alpha158_csi300_custom_step0_s_20260427_14,c5577474b61e416c9f19ed4ade4137ed,0.071,,,
664,2026-04-27,SH600930,-0.08662572079031686,EXP_DEnsembleModel_Alpha158_csi300_custom_step0_s_20260427_14,c5577474b61e416c9f19ed4ade4137ed,0.071,,,
665,2026-04-27,SH600938,-0.07384327619663035,EXP_DEnsembleModel_Alpha158_csi300_custom_step0_s_20260427_14,c5577474b61e416c9f19ed4ade4137ed,0.071,,,
666,2026-04-27,SH600941,0.027130553873848284,EXP_DEnsembleModel_Alpha158_csi300_custom_step0_s_20260427_14,c5577474b61e416c9f19ed4ade4137ed,0.071,,,
667,2026-04-27,SH600989,-0.11072001637638403,EXP_DEnsembleModel_Alpha158_csi300_custom_step0_s_20260427_14,c5577474b61e416c9f19ed4ade4137ed,0.071,,,
668,2026-04-27,SH600999,-0.021179475460515605,EXP_DEnsembleModel_Alpha158_csi300_custom_step0_s_20260427_14,c5577474b61e416c9f19ed4ade4137ed,0.071,,,
669,2026-04-27,SH600887,-0.03519211052898893,EXP_DEnsembleModel_Alpha158_csi300_custom_step0_s_20260427_14,c5577474b61e416c9f19ed4ade4137ed,0.071,,,
670,2026-04-27,SZ000999,-0.1501770312454888,EXP_DEnsembleModel_Alpha158_csi300_custom_step0_s_20260427_14,c5577474b61e416c9f19ed4ade4137ed,0.071,,,
671,2026-04-27,SZ001391,0.03272178019615985,EXP_DEnsembleModel_Alpha158_csi300_custom_step0_s_20260427_14,c5577474b61e416c9f19ed4ade4137ed,0.071,,,
672,2026-04-27,SZ001965,0.020353122820573385,EXP_DEnsembleModel_Alpha158_csi300_custom_step0_s_20260427_14,c5577474b61e416c9f19ed4ade4137ed,0.071,,,
673,2026-04-27,SH600875,-0.10181258354871389,EXP_DEnsembleModel_Alpha158_csi300_custom_step0_s_20260427_14,41d880b00afd4ea4a047eb8e78e68398,0.034,,,
674,2026-04-27,SH600886,0.022731898452577677,EXP_DEnsembleModel_Alpha158_csi300_custom_step0_s_20260427_14,41d880b00afd4ea4a047eb8e78e68398,0.034,,,
675,2026-04-27,SH600887,-0.10707811440439792,EXP_DEnsembleModel_Alpha158_csi300_custom_step0_s_20260427_14,41d880b00afd4ea4a047eb8e78e68398,0.034,,,
676,2026-04-27,SH600893,0.09334286493580923,EXP_DEnsembleModel_Alpha158_csi300_custom_step0_s_20260427_14,41d880b00afd4ea4a047eb8e78e68398,0.034,,,
677,2026-04-27,SH600900,-0.056824039793032174,EXP_DEnsembleModel_Alpha158_csi300_custom_step0_s_20260427_14,41d880b00afd4ea4a047eb8e78e68398,0.034,,,
678,2026-04-27,SH600905,-0.05753256182037101,EXP_DEnsembleModel_Alpha158_csi300_custom_step0_s_20260427_14,41d880b00afd4ea4a047eb8e78e68398,0.034,,,
679,2026-04-27,SH600918,-0.08624572836995122,EXP_DEnsembleModel_Alpha158_csi300_custom_step0_s_20260427_14,41d880b00afd4ea4a047eb8e78e68398,0.034,,,
680,2026-04-27,SH600919,0.05346067607755916,EXP_DEnsembleModel_Alpha158_csi300_custom_step0_s_20260427_14,41d880b00afd4ea4a047eb8e78e68398,0.034,,,
681,2026-04-27,SH600926,0.08191906281612542,EXP_DEnsembleModel_Alpha158_csi300_custom_step0_s_20260427_14,41d880b00afd4ea4a047eb8e78e68398,0.034,,,
682,2026-04-27,SH600930,-0.0013579920100521435,EXP_DEnsembleModel_Alpha158_csi300_custom_step0_s_20260427_14,41d880b00afd4ea4a047eb8e78e68398,0.034,,,
683,2026-04-27,SH600938,-0.07523586188943178,EXP_DEnsembleModel_Alpha158_csi300_custom_step0_s_20260427_14,41d880b00afd4ea4a047eb8e78e68398,0.034,,,
684,2026-04-27,SH600845,0.06966827983665276,EXP_DEnsembleModel_Alpha158_csi300_custom_step0_s_20260427_14,41d880b00afd4ea4a047eb8e78e68398,0.034,,,
685,2026-04-27,SH600941,-0.0362060720535245,EXP_DEnsembleModel_Alpha158_csi300_custom_step0_s_20260427_14,41d880b00afd4ea4a047eb8e78e68398,0.034,,,
686,2026-04-27,SH600999,-0.021970748629659576,EXP_DEnsembleModel_Alpha158_csi300_custom_step0_s_20260427_14,41d880b00afd4ea4a047eb8e78e68398,0.034,,,
687,2026-04-27,SH601006,-0.06447464418395801,EXP_DEnsembleModel_Alpha158_csi300_custom_step0_s_20260427_14,41d880b00afd4ea4a047eb8e78e68398,0.034,,,
688,2026-04-27,SH601009,-0.005794870668314631,EXP_DEnsembleModel_Alpha158_csi300_custom_step0_s_20260427_14,41d880b00afd4ea4a047eb8e78e68398,0.034,,,
689,2026-04-27,SH601012,0.08063735697043879,EXP_DEnsembleModel_Alpha158_csi300_custom_step0_s_20260427_14,41d880b00afd4ea4a047eb8e78e68398,0.034,,,
690,2026-04-27,SH601018,-0.07990714106109931,EXP_DEnsembleModel_Alpha158_csi300_custom_step0_s_20260427_14,41d880b00afd4ea4a047eb8e78e68398,0.034,,,
691,2026-04-27,SH601021,-0.004850598600584142,EXP_DEnsembleModel_Alpha158_csi300_custom_step0_s_20260427_14,41d880b00afd4ea4a047eb8e78e68398,0.034,,,
692,2026-04-27,SH601058,0.02766984824179448,EXP_DEnsembleModel_Alpha158_csi300_custom_step0_s_20260427_14,41d880b00afd4ea4a047eb8e78e68398,0.034,,,
693,2026-04-27,SH601059,-0.003360074770145455,EXP_DEnsembleModel_Alpha158_csi300_custom_step0_s_20260427_14,41d880b00afd4ea4a047eb8e78e68398,0.034,,,
694,2026-04-27,SH601066,0.014560429902574232,EXP_DEnsembleModel_Alpha158_csi300_custom_step0_s_20260427_14,41d880b00afd4ea4a047eb8e78e68398,0.034,,,
695,2026-04-27,SH601077,0.03056438757101615,EXP_DEnsembleModel_Alpha158_csi300_custom_step0_s_20260427_14,41d880b00afd4ea4a047eb8e78e68398,0.034,,,
696,2026-04-27,SH601088,-0.029651733289883072,EXP_DEnsembleModel_Alpha158_csi300_custom_step0_s_20260427_14,41d880b00afd4ea4a047eb8e78e68398,0.034,,,
697,2026-04-27,SH600989,0.028383101800686913,EXP_DEnsembleModel_Alpha158_csi300_custom_step0_s_20260427_14,41d880b00afd4ea4a047eb8e78e68398,0.034,,,
698,2026-04-27,SH601100,0.13288858957962243,EXP_DEnsembleModel_Alpha158_csi300_custom_step0_s_20260427_14,41d880b00afd4ea4a047eb8e78e68398,0.034,,,
699,2026-04-27,SH600809,-0.15452751503261827,EXP_DEnsembleModel_Alpha158_csi300_custom_step0_s_20260427_14,41d880b00afd4ea4a047eb8e78e68398,0.034,,,
700,2026-04-27,SH600795,0.019795587933806234,EXP_DEnsembleModel_Alpha158_csi300_custom_step0_s_20260427_14,41d880b00afd4ea4a047eb8e78e68398,0.034,,,
701,2026-04-27,SH600372,0.13398654700379983,EXP_DEnsembleModel_Alpha158_csi300_custom_step0_s_20260427_14,41d880b00afd4ea4a047eb8e78e68398,0.034,,,
702,2026-04-27,SH600377,-0.0123761151930814,EXP_DEnsembleModel_Alpha158_csi300_custom_step0_s_20260427_14,41d880b00afd4ea4a047eb8e78e68398,0.034,,,
703,2026-04-27,SH600406,-0.037529772390689144,EXP_DEnsembleModel_Alpha158_csi300_custom_step0_s_20260427_14,41d880b00afd4ea4a047eb8e78e68398,0.034,,,
704,2026-04-27,SH600415,0.040440107853514054,EXP_DEnsembleModel_Alpha158_csi300_custom_step0_s_20260427_14,41d880b00afd4ea4a047eb8e78e68398,0.034,,,
705,2026-04-27,SH600426,0.1374463163232437,EXP_DEnsembleModel_Alpha158_csi300_custom_step0_s_20260427_14,41d880b00afd4ea4a047eb8e78e68398,0.034,,,
706,2026-04-27,SH600436,-0.14288008396550358,EXP_DEnsembleModel_Alpha158_csi300_custom_step0_s_20260427_14,41d880b00afd4ea4a047eb8e78e68398,0.034,,,
707,2026-04-27,SH600438,0.0562807770990997,EXP_DEnsembleModel_Alpha158_csi300_custom_step0_s_20260427_14,41d880b00afd4ea4a047eb8e78e68398,0.034,,,
708,2026-04-27,SH600460,0.10847022891134409,EXP_DEnsembleModel_Alpha158_csi300_custom_step0_s_20260427_14,41d880b00afd4ea4a047eb8e78e68398,0.034,,,
709,2026-04-27,SH600482,0.0886858104633267,EXP_DEnsembleModel_Alpha158_csi300_custom_step0_s_20260427_14,41d880b00afd4ea4a047eb8e78e68398,0.034,,,
710,2026-04-27,SH600489,0.10043723617701865,EXP_DEnsembleModel_Alpha158_csi300_custom_step0_s_20260427_14,41d880b00afd4ea4a047eb8e78e68398,0.034,,,
711,2026-04-27,SH600515,-0.0843132465494417,EXP_DEnsembleModel_Alpha158_csi300_custom_step0_s_20260427_14,41d880b00afd4ea4a047eb8e78e68398,0.034,,,
712,2026-04-27,SH600803,0.01909777357351659,EXP_DEnsembleModel_Alpha158_csi300_custom_step0_s_20260427_14,41d880b00afd4ea4a047eb8e78e68398,0.034,,,
713,2026-04-27,SH600519,-0.12831526712800229,EXP_DEnsembleModel_Alpha158_csi300_custom_step0_s_20260427_14,41d880b00afd4ea4a047eb8e78e68398,0.034,,,
714,2026-04-27,SH600547,0.017449027825695847,EXP_DEnsembleModel_Alpha158_csi300_custom_step0_s_20260427_14,41d880b00afd4ea4a047eb8e78e68398,0.034,,,
715,2026-04-27,SH600570,0.05744177785383637,EXP_DEnsembleModel_Alpha158_csi300_custom_step0_s_20260427_14,41d880b00afd4ea4a047eb8e78e68398,0.034,,,
716,2026-04-27,SH600584,0.08370304642925785,EXP_DEnsembleModel_Alpha158_csi300_custom_step0_s_20260427_14,41d880b00afd4ea4a047eb8e78e68398,0.034,,,
717,2026-04-27,SH600585,-0.06267313329022975,EXP_DEnsembleModel_Alpha158_csi300_custom_step0_s_20260427_14,41d880b00afd4ea4a047eb8e78e68398,0.034,,,
718,2026-04-27,SH600588,0.08324799005212961,EXP_DEnsembleModel_Alpha158_csi300_custom_step0_s_20260427_14,41d880b00afd4ea4a047eb8e78e68398,0.034,,,
719,2026-04-27,SH600600,-0.02167312694242281,EXP_DEnsembleModel_Alpha158_csi300_custom_step0_s_20260427_14,41d880b00afd4ea4a047eb8e78e68398,0.034,,,
720,2026-04-27,SH600660,0.11543324264562284,EXP_DEnsembleModel_Alpha158_csi300_custom_step0_s_20260427_14,41d880b00afd4ea4a047eb8e78e68398,0.034,,,
721,2026-04-27,SH600674,0.08722817259455161,EXP_DEnsembleModel_Alpha158_csi300_custom_step0_s_20260427_14,41d880b00afd4ea4a047eb8e78e68398,0.034,,,
722,2026-04-27,SH600690,0.0661194135916564,EXP_DEnsembleModel_Alpha158_csi300_custom_step0_s_20260427_14,41d880b00afd4ea4a047eb8e78e68398,0.034,,,
723,2026-04-27,SH600741,0.079119214579969,EXP_DEnsembleModel_Alpha158_csi300_custom_step0_s_20260427_14,41d880b00afd4ea4a047eb8e78e68398,0.034,,,
724,2026-04-27,SH600760,-0.023270357986775018,EXP_DEnsembleModel_Alpha158_csi300_custom_step0_s_20260427_14,41d880b00afd4ea4a047eb8e78e68398,0.034,,,
725,2026-04-27,SH600522,0.3053879298945338,EXP_DEnsembleModel_Alpha158_csi300_custom_step0_s_20260427_14,41d880b00afd4ea4a047eb8e78e68398,0.034,,,
726,2026-04-27,SH600362,0.0294484097088592,EXP_DEnsembleModel_Alpha158_csi300_custom_step0_s_20260427_14,41d880b00afd4ea4a047eb8e78e68398,0.034,,,
727,2026-04-27,SH601111,-0.04553260315225647,EXP_DEnsembleModel_Alpha158_csi300_custom_step0_s_20260427_14,41d880b00afd4ea4a047eb8e78e68398,0.034,,,
728,2026-04-27,SH601127,-0.06031361891894789,EXP_DEnsembleModel_Alpha158_csi300_custom_step0_s_20260427_14,41d880b00afd4ea4a047eb8e78e68398,0.034,,,
729,2026-04-27,SH601668,-0.07707937361910909,EXP_DEnsembleModel_Alpha158_csi300_custom_step0_s_20260427_14,41d880b00afd4ea4a047eb8e78e68398,0.034,,,
730,2026-04-27,SH601669,0.005253534873427493,EXP_DEnsembleModel_Alpha158_csi300_custom_step0_s_20260427_14,41d880b00afd4ea4a047eb8e78e68398,0.034,,,
731,2026-04-27,SH601688,0.0018134434194918248,EXP_DEnsembleModel_Alpha158_csi300_custom_step0_s_20260427_14,41d880b00afd4ea4a047eb8e78e68398,0.034,,,
732,2026-04-27,SH601689,0.04017169006815552,EXP_DEnsembleModel_Alpha158_csi300_custom_step0_s_20260427_14,41d880b00afd4ea4a047eb8e78e68398,0.034,,,
733,2026-04-27,SH601698,-0.005938382705916303,EXP_DEnsembleModel_Alpha158_csi300_custom_step0_s_20260427_14,41d880b00afd4ea4a047eb8e78e68398,0.034,,,
734,2026-04-27,SH601728,0.0869374333694106,EXP_DEnsembleModel_Alpha158_csi300_custom_step0_s_20260427_14,41d880b00afd4ea4a047eb8e78e68398,0.034,,,
735,2026-04-27,SH601766,-0.11507702767367438,EXP_DEnsembleModel_Alpha158_csi300_custom_step0_s_20260427_14,41d880b00afd4ea4a047eb8e78e68398,0.034,,,
736,2026-04-27,SH601788,-0.13647338255240088,EXP_DEnsembleModel_Alpha158_csi300_custom_step0_s_20260427_14,41d880b00afd4ea4a047eb8e78e68398,0.034,,,
737,2026-04-27,SH601800,-0.06585941081460941,EXP_DEnsembleModel_Alpha158_csi300_custom_step0_s_20260427_14,41d880b00afd4ea4a047eb8e78e68398,0.034,,,
738,2026-04-27,SH601808,-0.0948613955958614,EXP_DEnsembleModel_Alpha158_csi300_custom_step0_s_20260427_14,41d880b00afd4ea4a047eb8e78e68398,0.034,,,
739,2026-04-27,SH601816,-0.02635469118400796,EXP_DEnsembleModel_Alpha158_csi300_custom_step0_s_20260427_14,41d880b00afd4ea4a047eb8e78e68398,0.034,,,
740,2026-04-27,SH601658,0.03500415485473308,EXP_DEnsembleModel_Alpha158_csi300_custom_step0_s_20260427_14,41d880b00afd4ea4a047eb8e78e68398,0.034,,,
741,2026-04-27,SH601818,-0.07269847125497911,EXP_DEnsembleModel_Alpha158_csi300_custom_step0_s_20260427_14,41d880b00afd4ea4a047eb8e78e68398,0.034,,,
742,2026-04-27,SH601838,-0.07817505701706025,EXP_DEnsembleModel_Alpha158_csi300_custom_step0_s_20260427_14,41d880b00afd4ea4a047eb8e78e68398,0.034,,,
743,2026-04-27,SH601857,-0.07536579570021137,EXP_DEnsembleModel_Alpha158_csi300_custom_step0_s_20260427_14,41d880b00afd4ea4a047eb8e78e68398,0.034,,,
744,2026-04-27,SH601868,0.007575698845523541,EXP_DEnsembleModel_Alpha158_csi300_custom_step0_s_20260427_14,41d880b00afd4ea4a047eb8e78e68398,0.034,,,
745,2026-04-27,SH601872,0.10273402308019645,EXP_DEnsembleModel_Alpha158_csi300_custom_step0_s_20260427_14,41d880b00afd4ea4a047eb8e78e68398,0.034,,,
746,2026-04-27,SH601877,0.04039345701696786,EXP_DEnsembleModel_Alpha158_csi300_custom_step0_s_20260427_14,41d880b00afd4ea4a047eb8e78e68398,0.034,,,
747,2026-04-27,SH601878,-0.04978866568058801,EXP_DEnsembleModel_Alpha158_csi300_custom_step0_s_20260427_14,41d880b00afd4ea4a047eb8e78e68398,0.034,,,
748,2026-04-27,SH601881,-0.056676609380856925,EXP_DEnsembleModel_Alpha158_csi300_custom_step0_s_20260427_14,41d880b00afd4ea4a047eb8e78e68398,0.034,,,
749,2026-04-27,SH601888,-0.10431205364902986,EXP_DEnsembleModel_Alpha158_csi300_custom_step0_s_20260427_14,41d880b00afd4ea4a047eb8e78e68398,0.034,,,
750,2026-04-27,SH601898,-0.05181129181100492,EXP_DEnsembleModel_Alpha158_csi300_custom_step0_s_20260427_14,41d880b00afd4ea4a047eb8e78e68398,0.034,,,
751,2026-04-27,SH601899,-0.03749630804676586,EXP_DEnsembleModel_Alpha158_csi300_custom_step0_s_20260427_14,41d880b00afd4ea4a047eb8e78e68398,0.034,,,
752,2026-04-27,SH601901,-0.022531364616556842,EXP_DEnsembleModel_Alpha158_csi300_custom_step0_s_20260427_14,41d880b00afd4ea4a047eb8e78e68398,0.034,,,
753,2026-04-27,SH601825,0.03244336224722115,EXP_DEnsembleModel_Alpha158_csi300_custom_step0_s_20260427_14,41d880b00afd4ea4a047eb8e78e68398,0.034,,,
754,2026-04-27,SH601117,0.009309640574300178,EXP_DEnsembleModel_Alpha158_csi300_custom_step0_s_20260427_14,41d880b00afd4ea4a047eb8e78e68398,0.034,,,
755,2026-04-27,SH601633,0.011624790434647043,EXP_DEnsembleModel_Alpha158_csi300_custom_step0_s_20260427_14,41d880b00afd4ea4a047eb8e78e68398,0.034,,,
756,2026-04-27,SH601618,-0.018257115519838607,EXP_DEnsembleModel_Alpha158_csi300_custom_step0_s_20260427_14,41d880b00afd4ea4a047eb8e78e68398,0.034,,,
757,2026-04-27,SH601136,-0.056649819346360916,EXP_DEnsembleModel_Alpha158_csi300_custom_step0_s_20260427_14,41d880b00afd4ea4a047eb8e78e68398,0.034,,,
758,2026-04-27,SH601138,0.214908673105309,EXP_DEnsembleModel_Alpha158_csi300_custom_step0_s_20260427_14,41d880b00afd4ea4a047eb8e78e68398,0.034,,,
759,2026-04-27,SH601166,-0.06652980177636746,EXP_DEnsembleModel_Alpha158_csi300_custom_step0_s_20260427_14,41d880b00afd4ea4a047eb8e78e68398,0.034,,,
760,2026-04-27,SH601169,-0.007790224623651123,EXP_DEnsembleModel_Alpha158_csi300_custom_step0_s_20260427_14,41d880b00afd4ea4a047eb8e78e68398,0.034,,,
761,2026-04-27,SH601186,-0.03602738752459198,EXP_DEnsembleModel_Alpha158_csi300_custom_step0_s_20260427_14,41d880b00afd4ea4a047eb8e78e68398,0.034,,,
762,2026-04-27,SH601211,-0.10318409671840646,EXP_DEnsembleModel_Alpha158_csi300_custom_step0_s_20260427_14,41d880b00afd4ea4a047eb8e78e68398,0.034,,,
763,2026-04-27,SH601225,0.026685338783426403,EXP_DEnsembleModel_Alpha158_csi300_custom_step0_s_20260427_14,41d880b00afd4ea4a047eb8e78e68398,0.034,,,
764,2026-04-27,SH601229,-0.13857512762786064,EXP_DEnsembleModel_Alpha158_csi300_custom_step0_s_20260427_14,41d880b00afd4ea4a047eb8e78e68398,0.034,,,
765,2026-04-27,SH601236,0.02276702931429794,EXP_DEnsembleModel_Alpha158_csi300_custom_step0_s_20260427_14,41d880b00afd4ea4a047eb8e78e68398,0.034,,,
766,2026-04-27,SH601238,0.023794992116131584,EXP_DEnsembleModel_Alpha158_csi300_custom_step0_s_20260427_14,41d880b00afd4ea4a047eb8e78e68398,0.034,,,
767,2026-04-27,SH601288,-0.014644958886872296,EXP_DEnsembleModel_Alpha158_csi300_custom_step0_s_20260427_14,41d880b00afd4ea4a047eb8e78e68398,0.034,,,
768,2026-04-27,SH601628,0.01894621157173287,EXP_DEnsembleModel_Alpha158_csi300_custom_step0_s_20260427_14,41d880b00afd4ea4a047eb8e78e68398,0.034,,,
769,2026-04-27,SH601298,-0.049934754176195494,EXP_DEnsembleModel_Alpha158_csi300_custom_step0_s_20260427_14,41d880b00afd4ea4a047eb8e78e68398,0.034,,,
770,2026-04-27,SH601319,-0.05160075984578523,EXP_DEnsembleModel_Alpha158_csi300_custom_step0_s_20260427_14,41d880b00afd4ea4a047eb8e78e68398,0.034,,,
771,2026-04-27,SH601328,0.009179627495866658,EXP_DEnsembleModel_Alpha158_csi300_custom_step0_s_20260427_14,41d880b00afd4ea4a047eb8e78e68398,0.034,,,
772,2026-04-27,SH601336,0.015428134892966017,EXP_DEnsembleModel_Alpha158_csi300_custom_step0_s_20260427_14,41d880b00afd4ea4a047eb8e78e68398,0.034,,,
773,2026-04-27,SH601360,0.11168796724635804,EXP_DEnsembleModel_Alpha158_csi300_custom_step0_s_20260427_14,41d880b00afd4ea4a047eb8e78e68398,0.034,,,
774,2026-04-27,SH601377,0.010802092387501551,EXP_DEnsembleModel_Alpha158_csi300_custom_step0_s_20260427_14,41d880b00afd4ea4a047eb8e78e68398,0.034,,,
775,2026-04-27,SH601390,-0.00363082498376553,EXP_DEnsembleModel_Alpha158_csi300_custom_step0_s_20260427_14,41d880b00afd4ea4a047eb8e78e68398,0.034,,,
776,2026-04-27,SH601398,0.05400702590321926,EXP_DEnsembleModel_Alpha158_csi300_custom_step0_s_20260427_14,41d880b00afd4ea4a047eb8e78e68398,0.034,,,
777,2026-04-27,SH601456,-0.031175841371299445,EXP_DEnsembleModel_Alpha158_csi300_custom_step0_s_20260427_14,41d880b00afd4ea4a047eb8e78e68398,0.034,,,
778,2026-04-27,SH601600,0.11085712792285272,EXP_DEnsembleModel_Alpha158_csi300_custom_step0_s_20260427_14,41d880b00afd4ea4a047eb8e78e68398,0.034,,,
779,2026-04-27,SH601601,-0.04400330636218783,EXP_DEnsembleModel_Alpha158_csi300_custom_step0_s_20260427_14,41d880b00afd4ea4a047eb8e78e68398,0.034,,,
780,2026-04-27,SH601607,-0.003559828103386085,EXP_DEnsembleModel_Alpha158_csi300_custom_step0_s_20260427_14,41d880b00afd4ea4a047eb8e78e68398,0.034,,,
781,2026-04-27,SH601318,0.006257675655797661,EXP_DEnsembleModel_Alpha158_csi300_custom_step0_s_20260427_14,41d880b00afd4ea4a047eb8e78e68398,0.034,,,
782,2026-04-27,SH600346,0.04215595097183144,EXP_DEnsembleModel_Alpha158_csi300_custom_step0_s_20260427_14,41d880b00afd4ea4a047eb8e78e68398,0.034,,,
783,2026-04-27,SH600309,0.18922440780999236,EXP_DEnsembleModel_Alpha158_csi300_custom_step0_s_20260427_14,41d880b00afd4ea4a047eb8e78e68398,0.034,,,
784,2026-04-27,SH600276,-0.05703295823904825,EXP_DEnsembleModel_Alpha158_csi300_custom_step0_s_20260427_14,41d880b00afd4ea4a047eb8e78e68398,0.034,,,
785,2026-04-27,SZ002601,-0.03924155145868385,EXP_DEnsembleModel_Alpha158_csi300_custom_step0_s_20260427_14,c5577474b61e416c9f19ed4ade4137ed,0.071,,,
786,2026-04-27,SZ002625,-0.011136558696280165,EXP_DEnsembleModel_Alpha158_csi300_custom_step0_s_20260427_14,c5577474b61e416c9f19ed4ade4137ed,0.071,,,
787,2026-04-27,SZ002648,-0.08681374577001903,EXP_DEnsembleModel_Alpha158_csi300_custom_step0_s_20260427_14,c5577474b61e416c9f19ed4ade4137ed,0.071,,,
788,2026-04-27,SZ002709,-0.026715855659417868,EXP_DEnsembleModel_Alpha158_csi300_custom_step0_s_20260427_14,c5577474b61e416c9f19ed4ade4137ed,0.071,,,
789,2026-04-27,SZ002714,-0.09439845495799519,EXP_DEnsembleModel_Alpha158_csi300_custom_step0_s_20260427_14,c5577474b61e416c9f19ed4ade4137ed,0.071,,,
790,2026-04-27,SZ002736,-0.13109737294345766,EXP_DEnsembleModel_Alpha158_csi300_custom_step0_s_20260427_14,c5577474b61e416c9f19ed4ade4137ed,0.071,,,
791,2026-04-27,SZ002916,-0.059263750304411035,EXP_DEnsembleModel_Alpha158_csi300_custom_step0_s_20260427_14,c5577474b61e416c9f19ed4ade4137ed,0.071,,,
792,2026-04-27,SZ002920,-0.04735941184503778,EXP_DEnsembleModel_Alpha158_csi300_custom_step0_s_20260427_14,c5577474b61e416c9f19ed4ade4137ed,0.071,,,
793,2026-04-27,SZ002938,-0.19017373561239545,EXP_DEnsembleModel_Alpha158_csi300_custom_step0_s_20260427_14,c5577474b61e416c9f19ed4ade4137ed,0.071,,,
794,2026-04-27,SZ003816,-0.001655197256264197,EXP_DEnsembleModel_Alpha158_csi300_custom_step0_s_20260427_14,c5577474b61e416c9f19ed4ade4137ed,0.071,,,
795,2026-04-27,SZ300014,0.019842438747771446,EXP_DEnsembleModel_Alpha158_csi300_custom_step0_s_20260427_14,c5577474b61e416c9f19ed4ade4137ed,0.071,,,
796,2026-04-27,SZ002600,-0.04224397864463864,EXP_DEnsembleModel_Alpha158_csi300_custom_step0_s_20260427_14,c5577474b61e416c9f19ed4ade4137ed,0.071,,,
797,2026-04-27,SZ300015,-0.025877375842013575,EXP_DEnsembleModel_Alpha158_csi300_custom_step0_s_20260427_14,c5577474b61e416c9f19ed4ade4137ed,0.071,,,
798,2026-04-27,SZ300059,0.054836306396928367,EXP_DEnsembleModel_Alpha158_csi300_custom_step0_s_20260427_14,c5577474b61e416c9f19ed4ade4137ed,0.071,,,
799,2026-04-27,SZ300122,-0.16749784027535414,EXP_DEnsembleModel_Alpha158_csi300_custom_step0_s_20260427_14,c5577474b61e416c9f19ed4ade4137ed,0.071,,,
800,2026-04-27,SZ300124,-0.06698911999235663,EXP_DEnsembleModel_Alpha158_csi300_custom_step0_s_20260427_14,c5577474b61e416c9f19ed4ade4137ed,0.071,,,
801,2026-04-27,SZ300251,-0.06262653941073641,EXP_DEnsembleModel_Alpha158_csi300_custom_step0_s_20260427_14,c5577474b61e416c9f19ed4ade4137ed,0.071,,,
802,2026-04-27,SZ300274,0.24741576862864892,EXP_DEnsembleModel_Alpha158_csi300_custom_step0_s_20260427_14,c5577474b61e416c9f19ed4ade4137ed,0.071,,,
803,2026-04-27,SZ300308,-0.12058796691237146,EXP_DEnsembleModel_Alpha158_csi300_custom_step0_s_20260427_14,c5577474b61e416c9f19ed4ade4137ed,0.071,,,
804,2026-04-27,SZ300316,-0.09655309320992399,EXP_DEnsembleModel_Alpha158_csi300_custom_step0_s_20260427_14,c5577474b61e416c9f19ed4ade4137ed,0.071,,,
805,2026-04-27,SZ300347,-0.0919712495238326,EXP_DEnsembleModel_Alpha158_csi300_custom_step0_s_20260427_14,c5577474b61e416c9f19ed4ade4137ed,0.071,,,
806,2026-04-27,SZ300394,0.19368439395073417,EXP_DEnsembleModel_Alpha158_csi300_custom_step0_s_20260427_14,c5577474b61e416c9f19ed4ade4137ed,0.071,,,
807,2026-04-27,SZ300408,-0.08642209297546964,EXP_DEnsembleModel_Alpha158_csi300_custom_step0_s_20260427_14,c5577474b61e416c9f19ed4ade4137ed,0.071,,,
808,2026-04-27,SZ300413,0.014965492044313924,EXP_DEnsembleModel_Alpha158_csi300_custom_step0_s_20260427_14,c5577474b61e416c9f19ed4ade4137ed,0.071,,,
809,2026-04-27,SZ300033,0.026559956563701376,EXP_DEnsembleModel_Alpha158_csi300_custom_step0_s_20260427_14,c5577474b61e416c9f19ed4ade4137ed,0.071,,,
810,2026-04-27,SZ300418,0.018893554439857213,EXP_DEnsembleModel_Alpha158_csi300_custom_step0_s_20260427_14,c5577474b61e416c9f19ed4ade4137ed,0.071,,,
811,2026-04-27,SZ002594,0.02256527638699549,EXP_DEnsembleModel_Alpha158_csi300_custom_step0_s_20260427_14,c5577474b61e416c9f19ed4ade4137ed,0.071,,,
812,2026-04-27,SZ002475,0.05081911768790813,EXP_DEnsembleModel_Alpha158_csi300_custom_step0_s_20260427_14,c5577474b61e416c9f19ed4ade4137ed,0.071,,,
813,2026-04-27,SZ001979,0.008482798307242034,EXP_DEnsembleModel_Alpha158_csi300_custom_step0_s_20260427_14,c5577474b61e416c9f19ed4ade4137ed,0.071,,,
814,2026-04-27,SZ002001,0.03450106934336581,EXP_DEnsembleModel_Alpha158_csi300_custom_step0_s_20260427_14,c5577474b61e416c9f19ed4ade4137ed,0.071,,,
815,2026-04-27,SZ002027,-4.010248126349757e-05,EXP_DEnsembleModel_Alpha158_csi300_custom_step0_s_20260427_14,c5577474b61e416c9f19ed4ade4137ed,0.071,,,
816,2026-04-27,SZ002028,-0.13932126443831994,EXP_DEnsembleModel_Alpha158_csi300_custom_step0_s_20260427_14,c5577474b61e416c9f19ed4ade4137ed,0.071,,,
817,2026-04-27,SZ002049,0.004074228148786429,EXP_DEnsembleModel_Alpha158_csi300_custom_step0_s_20260427_14,c5577474b61e416c9f19ed4ade4137ed,0.071,,,
818,2026-04-27,SZ002050,-0.04257807032822641,EXP_DEnsembleModel_Alpha158_csi300_custom_step0_s_20260427_14,c5577474b61e416c9f19ed4ade4137ed,0.071,,,
819,2026-04-27,SZ002074,0.00895617822245782,EXP_DEnsembleModel_Alpha158_csi300_custom_step0_s_20260427_14,c5577474b61e416c9f19ed4ade4137ed,0.071,,,
820,2026-04-27,SZ002142,0.05210799515413353,EXP_DEnsembleModel_Alpha158_csi300_custom_step0_s_20260427_14,c5577474b61e416c9f19ed4ade4137ed,0.071,,,
821,2026-04-27,SZ002179,0.00044628389515908364,EXP_DEnsembleModel_Alpha158_csi300_custom_step0_s_20260427_14,c5577474b61e416c9f19ed4ade4137ed,0.071,,,
822,2026-04-27,SZ002230,-0.00795002218865021,EXP_DEnsembleModel_Alpha158_csi300_custom_step0_s_20260427_14,c5577474b61e416c9f19ed4ade4137ed,0.071,,,
823,2026-04-27,SZ002236,-0.10086697138023841,EXP_DEnsembleModel_Alpha158_csi300_custom_step0_s_20260427_14,c5577474b61e416c9f19ed4ade4137ed,0.071,,,
824,2026-04-27,SZ002493,-0.10354842372247931,EXP_DEnsembleModel_Alpha158_csi300_custom_step0_s_20260427_14,c5577474b61e416c9f19ed4ade4137ed,0.071,,,
825,2026-04-27,SZ002241,-0.044231826972447076,EXP_DEnsembleModel_Alpha158_csi300_custom_step0_s_20260427_14,c5577474b61e416c9f19ed4ade4137ed,0.071,,,
826,2026-04-27,SZ002304,-0.02765664823921751,EXP_DEnsembleModel_Alpha158_csi300_custom_step0_s_20260427_14,c5577474b61e416c9f19ed4ade4137ed,0.071,,,
827,2026-04-27,SZ002311,-0.09037824409785,EXP_DEnsembleModel_Alpha158_csi300_custom_step0_s_20260427_14,c5577474b61e416c9f19ed4ade4137ed,0.071,,,
828,2026-04-27,SZ002352,-0.024223491762553673,EXP_DEnsembleModel_Alpha158_csi300_custom_step0_s_20260427_14,c5577474b61e416c9f19ed4ade4137ed,0.071,,,
829,2026-04-27,SZ002371,0.0892072517729921,EXP_DEnsembleModel_Alpha158_csi300_custom_step0_s_20260427_14,c5577474b61e416c9f19ed4ade4137ed,0.071,,,
830,2026-04-27,SZ002384,-0.25810630520863526,EXP_DEnsembleModel_Alpha158_csi300_custom_step0_s_20260427_14,c5577474b61e416c9f19ed4ade4137ed,0.071,,,
831,2026-04-27,SZ002415,-0.03448311405104895,EXP_DEnsembleModel_Alpha158_csi300_custom_step0_s_20260427_14,c5577474b61e416c9f19ed4ade4137ed,0.071,,,
832,2026-04-27,SZ002422,-0.010679173505748254,EXP_DEnsembleModel_Alpha158_csi300_custom_step0_s_20260427_14,c5577474b61e416c9f19ed4ade4137ed,0.071,,,
833,2026-04-27,SZ002459,0.026632764159216914,EXP_DEnsembleModel_Alpha158_csi300_custom_step0_s_20260427_14,c5577474b61e416c9f19ed4ade4137ed,0.071,,,
834,2026-04-27,SZ002460,0.200648227652796,EXP_DEnsembleModel_Alpha158_csi300_custom_step0_s_20260427_14,c5577474b61e416c9f19ed4ade4137ed,0.071,,,
835,2026-04-27,SZ002463,-0.1446083913769209,EXP_DEnsembleModel_Alpha158_csi300_custom_step0_s_20260427_14,c5577474b61e416c9f19ed4ade4137ed,0.071,,,
836,2026-04-27,SZ002466,0.026286638088371873,EXP_DEnsembleModel_Alpha158_csi300_custom_step0_s_20260427_14,c5577474b61e416c9f19ed4ade4137ed,0.071,,,
837,2026-04-27,SZ002252,-0.05510086838156155,EXP_DEnsembleModel_Alpha158_csi300_custom_step0_s_20260427_14,c5577474b61e416c9f19ed4ade4137ed,0.071,,,
838,2026-04-27,SZ300433,-0.10113128395253197,EXP_DEnsembleModel_Alpha158_csi300_custom_step0_s_20260427_14,c5577474b61e416c9f19ed4ade4137ed,0.071,,,
839,2026-04-27,SZ300442,-0.031559171601097905,EXP_DEnsembleModel_Alpha158_csi300_custom_step0_s_20260427_14,c5577474b61e416c9f19ed4ade4137ed,0.071,,,
840,2026-04-27,SZ300476,0.10543090654224808,EXP_DEnsembleModel_Alpha158_csi300_custom_step0_s_20260427_14,c5577474b61e416c9f19ed4ade4137ed,0.071,,,
841,2026-04-27,SH600028,-0.047968413560562875,EXP_DEnsembleModel_Alpha158_csi300_custom_step0_s_20260427_14,41d880b00afd4ea4a047eb8e78e68398,0.034,,,
842,2026-04-27,SH600029,-0.030553435888902015,EXP_DEnsembleModel_Alpha158_csi300_custom_step0_s_20260427_14,41d880b00afd4ea4a047eb8e78e68398,0.034,,,
843,2026-04-27,SH600030,0.05388032580274434,EXP_DEnsembleModel_Alpha158_csi300_custom_step0_s_20260427_14,41d880b00afd4ea4a047eb8e78e68398,0.034,,,
844,2026-04-27,SH600031,-0.04921706853893173,EXP_DEnsembleModel_Alpha158_csi300_custom_step0_s_20260427_14,41d880b00afd4ea4a047eb8e78e68398,0.034,,,
845,2026-04-27,SH600036,-0.02327164538008791,EXP_DEnsembleModel_Alpha158_csi300_custom_step0_s_20260427_14,41d880b00afd4ea4a047eb8e78e68398,0.034,,,
846,2026-04-27,SH600039,-0.036880319634395524,EXP_DEnsembleModel_Alpha158_csi300_custom_step0_s_20260427_14,41d880b00afd4ea4a047eb8e78e68398,0.034,,,
847,2026-04-27,SH600048,0.07446101898706177,EXP_DEnsembleModel_Alpha158_csi300_custom_step0_s_20260427_14,41d880b00afd4ea4a047eb8e78e68398,0.034,,,
848,2026-04-27,SH600050,-0.006181170679859902,EXP_DEnsembleModel_Alpha158_csi300_custom_step0_s_20260427_14,41d880b00afd4ea4a047eb8e78e68398,0.034,,,
849,2026-04-27,SH600061,-0.15106006682040324,EXP_DEnsembleModel_Alpha158_csi300_custom_step0_s_20260427_14,41d880b00afd4ea4a047eb8e78e68398,0.034,,,
850,2026-04-27,SH600066,0.17257522603715375,EXP_DEnsembleModel_Alpha158_csi300_custom_step0_s_20260427_14,41d880b00afd4ea4a047eb8e78e68398,0.034,,,
851,2026-04-27,SH600085,-0.11781987820039194,EXP_DEnsembleModel_Alpha158_csi300_custom_step0_s_20260427_14,41d880b00afd4ea4a047eb8e78e68398,0.034,,,
852,2026-04-27,SH600027,0.05227309095862004,EXP_DEnsembleModel_Alpha158_csi300_custom_step0_s_20260427_14,41d880b00afd4ea4a047eb8e78e68398,0.034,,,
853,2026-04-27,SH600089,0.017692955560220564,EXP_DEnsembleModel_Alpha158_csi300_custom_step0_s_20260427_14,41d880b00afd4ea4a047eb8e78e68398,0.034,,,
854,2026-04-27,SH600111,-0.04413585279695573,EXP_DEnsembleModel_Alpha158_csi300_custom_step0_s_20260427_14,41d880b00afd4ea4a047eb8e78e68398,0.034,,,
855,2026-04-27,SH600115,0.053052145603940816,EXP_DEnsembleModel_Alpha158_csi300_custom_step0_s_20260427_14,41d880b00afd4ea4a047eb8e78e68398,0.034,,,
856,2026-04-27,SH600150,0.04033917626241006,EXP_DEnsembleModel_Alpha158_csi300_custom_step0_s_20260427_14,41d880b00afd4ea4a047eb8e78e68398,0.034,,,
857,2026-04-27,SH600160,0.0034557886996331795,EXP_DEnsembleModel_Alpha158_csi300_custom_step0_s_20260427_14,41d880b00afd4ea4a047eb8e78e68398,0.034,,,
858,2026-04-27,SH600161,-0.11678855037610422,EXP_DEnsembleModel_Alpha158_csi300_custom_step0_s_20260427_14,41d880b00afd4ea4a047eb8e78e68398,0.034,,,
859,2026-04-27,SH600176,0.16293080369429125,EXP_DEnsembleModel_Alpha158_csi300_custom_step0_s_20260427_14,41d880b00afd4ea4a047eb8e78e68398,0.034,,,
860,2026-04-27,SH600183,0.23163866571494238,EXP_DEnsembleModel_Alpha158_csi300_custom_step0_s_20260427_14,41d880b00afd4ea4a047eb8e78e68398,0.034,,,
861,2026-04-27,SH600188,0.088701376187044,EXP_DEnsembleModel_Alpha158_csi300_custom_step0_s_20260427_14,41d880b00afd4ea4a047eb8e78e68398,0.034,,,
862,2026-04-27,SH600196,-0.16656249747986887,EXP_DEnsembleModel_Alpha158_csi300_custom_step0_s_20260427_14,41d880b00afd4ea4a047eb8e78e68398,0.034,,,
863,2026-04-27,SH600219,0.04452873862307987,EXP_DEnsembleModel_Alpha158_csi300_custom_step0_s_20260427_14,41d880b00afd4ea4a047eb8e78e68398,0.034,,,
864,2026-04-27,SH600233,0.14983768264439457,EXP_DEnsembleModel_Alpha158_csi300_custom_step0_s_20260427_14,41d880b00afd4ea4a047eb8e78e68398,0.034,,,
865,2026-04-27,SH600104,-0.11310233058889253,EXP_DEnsembleModel_Alpha158_csi300_custom_step0_s_20260427_14,41d880b00afd4ea4a047eb8e78e68398,0.034,,,
866,2026-04-27,SH600026,0.08786894471510429,EXP_DEnsembleModel_Alpha158_csi300_custom_step0_s_20260427_14,41d880b00afd4ea4a047eb8e78e68398,0.034,,,
867,2026-04-27,SH600025,-0.06186119540741841,EXP_DEnsembleModel_Alpha158_csi300_custom_step0_s_20260427_14,41d880b00afd4ea4a047eb8e78e68398,0.034,,,
868,2026-04-27,SH600023,0.04689314906264469,EXP_DEnsembleModel_Alpha158_csi300_custom_step0_s_20260427_14,41d880b00afd4ea4a047eb8e78e68398,0.034,,,
869,2026-04-27,SZ300498,-0.07960794497889967,EXP_DEnsembleModel_Alpha158_csi300_custom_step0_s_20260427_14,c5577474b61e416c9f19ed4ade4137ed,0.071,,,
870,2026-04-27,SZ300502,0.22682039488538688,EXP_DEnsembleModel_Alpha158_csi300_custom_step0_s_20260427_14,c5577474b61e416c9f19ed4ade4137ed,0.071,,,
871,2026-04-27,SZ300628,0.02675690875213643,EXP_DEnsembleModel_Alpha158_csi300_custom_step0_s_20260427_14,c5577474b61e416c9f19ed4ade4137ed,0.071,,,
872,2026-04-27,SZ300661,-0.042283292591051444,EXP_DEnsembleModel_Alpha158_csi300_custom_step0_s_20260427_14,c5577474b61e416c9f19ed4ade4137ed,0.071,,,
873,2026-04-27,SZ300750,0.06413288018915948,EXP_DEnsembleModel_Alpha158_csi300_custom_step0_s_20260427_14,c5577474b61e416c9f19ed4ade4137ed,0.071,,,
874,2026-04-27,SZ300759,-0.009482495629865126,EXP_DEnsembleModel_Alpha158_csi300_custom_step0_s_20260427_14,c5577474b61e416c9f19ed4ade4137ed,0.071,,,
875,2026-04-27,SZ300760,0.02257820161052463,EXP_DEnsembleModel_Alpha158_csi300_custom_step0_s_20260427_14,c5577474b61e416c9f19ed4ade4137ed,0.071,,,
876,2026-04-27,SZ300782,0.349068069728197,EXP_DEnsembleModel_Alpha158_csi300_custom_step0_s_20260427_14,c5577474b61e416c9f19ed4ade4137ed,0.071,,,
877,2026-04-27,SZ300803,0.0018863134179314047,EXP_DEnsembleModel_Alpha158_csi300_custom_step0_s_20260427_14,c5577474b61e416c9f19ed4ade4137ed,0.071,,,
878,2026-04-27,SZ300832,0.007253414972413094,EXP_DEnsembleModel_Alpha158_csi300_custom_step0_s_20260427_14,c5577474b61e416c9f19ed4ade4137ed,0.071,,,
879,2026-04-27,SZ300866,-0.005107399389529973,EXP_DEnsembleModel_Alpha158_csi300_custom_step0_s_20260427_14,c5577474b61e416c9f19ed4ade4137ed,0.071,,,
880,2026-04-27,SZ300896,-0.0004422538528318027,EXP_DEnsembleModel_Alpha158_csi300_custom_step0_s_20260427_14,c5577474b61e416c9f19ed4ade4137ed,0.071,,,
881,2026-04-27,SZ300979,-0.06757051569657857,EXP_DEnsembleModel_Alpha158_csi300_custom_step0_s_20260427_14,c5577474b61e416c9f19ed4ade4137ed,0.071,,,
882,2026-04-27,SZ300999,-0.010667103256975672,EXP_DEnsembleModel_Alpha158_csi300_custom_step0_s_20260427_14,c5577474b61e416c9f19ed4ade4137ed,0.071,,,
883,2026-04-27,SZ301236,-0.06914995505905588,EXP_DEnsembleModel_Alpha158_csi300_custom_step0_s_20260427_14,c5577474b61e416c9f19ed4ade4137ed,0.071,,,
884,2026-04-27,SZ301269,0.04934703278377404,EXP_DEnsembleModel_Alpha158_csi300_custom_step0_s_20260427_14,c5577474b61e416c9f19ed4ade4137ed,0.071,,,
885,2026-04-27,SZ302132,-0.059688072182127856,EXP_DEnsembleModel_Alpha158_csi300_custom_step0_s_20260427_14,c5577474b61e416c9f19ed4ade4137ed,0.071,,,
886,2026-04-27,SH600000,-0.0818827903020382,EXP_DEnsembleModel_Alpha158_csi300_custom_step0_s_20260427_14,41d880b00afd4ea4a047eb8e78e68398,0.034,,,
887,2026-04-27,SH600009,-0.1208812945164634,EXP_DEnsembleModel_Alpha158_csi300_custom_step0_s_20260427_14,41d880b00afd4ea4a047eb8e78e68398,0.034,,,
888,2026-04-27,SH600010,0.029937637787924447,EXP_DEnsembleModel_Alpha158_csi300_custom_step0_s_20260427_14,41d880b00afd4ea4a047eb8e78e68398,0.034,,,
889,2026-04-27,SH600011,-0.04486860676116828,EXP_DEnsembleModel_Alpha158_csi300_custom_step0_s_20260427_14,41d880b00afd4ea4a047eb8e78e68398,0.034,,,
890,2026-04-27,SH600015,-0.08537856291789664,EXP_DEnsembleModel_Alpha158_csi300_custom_step0_s_20260427_14,41d880b00afd4ea4a047eb8e78e68398,0.034,,,
891,2026-04-27,SH600016,-0.03223910207186477,EXP_DEnsembleModel_Alpha158_csi300_custom_step0_s_20260427_14,41d880b00afd4ea4a047eb8e78e68398,0.034,,,
892,2026-04-27,SH600018,-0.05213740191715933,EXP_DEnsembleModel_Alpha158_csi300_custom_step0_s_20260427_14,41d880b00afd4ea4a047eb8e78e68398,0.034,,,
893,2026-04-27,SH600019,-0.04201297213208459,EXP_DEnsembleModel_Alpha158_csi300_custom_step0_s_20260427_14,41d880b00afd4ea4a047eb8e78e68398,0.034,,,
894,2026-04-27,SZ301269,-0.014877860434353352,EXP_LinearModel_Alpha158_csi300_custom_step0_s_20260427_14,c62c4616d2fb45e488a5454159e80034,0.044,,,
895,2026-04-27,SH600009,-0.004506739690693404,EXP_DEnsembleModel_Alpha158_csi300_custom_step0_s_20260427_14,c5577474b61e416c9f19ed4ade4137ed,0.071,,,
896,2026-04-27,SZ302132,-0.011241767555475235,EXP_LinearModel_Alpha158_csi300_custom_step0_s_20260427_14,c62c4616d2fb45e488a5454159e80034,0.044,,,
897,2026-04-27,SH600009,-0.08606797456741333,EXP_LinearModel_Alpha158_csi300_custom_step0_s_20260427_14,a2f8d66dca5146e0a3ed3dfec10a639f,0.136,,,
898,2026-04-27,SZ300866,-0.040083467960357666,EXP_XGBModel_Alpha158_csi300_custom_step0_s_20260427_14,74daf7769f1b4612b7a65e8b4d0b3909,0.162,,,
899,2026-04-27,SZ300896,-0.007056509610265493,EXP_XGBModel_Alpha158_csi300_custom_step0_s_20260427_14,74daf7769f1b4612b7a65e8b4d0b3909,0.162,,,
900,2026-04-27,SZ300979,-0.001310915220528841,EXP_XGBModel_Alpha158_csi300_custom_step0_s_20260427_14,74daf7769f1b4612b7a65e8b4d0b3909,0.162,,,
901,2026-04-27,SZ300999,0.01329698134213686,EXP_XGBModel_Alpha158_csi300_custom_step0_s_20260427_14,74daf7769f1b4612b7a65e8b4d0b3909,0.162,,,
902,2026-04-27,SZ301236,-0.05137614533305168,EXP_XGBModel_Alpha158_csi300_custom_step0_s_20260427_14,74daf7769f1b4612b7a65e8b4d0b3909,0.162,,,
903,2026-04-27,SZ301269,-0.18215177953243256,EXP_XGBModel_Alpha158_csi300_custom_step0_s_20260427_14,74daf7769f1b4612b7a65e8b4d0b3909,0.162,,,
904,2026-04-27,SZ302132,-0.07768681645393372,EXP_XGBModel_Alpha158_csi300_custom_step0_s_20260427_14,74daf7769f1b4612b7a65e8b4d0b3909,0.162,,,
905,2026-04-27,SH600000,-0.05494851619005203,EXP_XGBModel_Alpha158_csi300_custom_step0_s_20260427_14,696d1306e9a445d2ab194dec149f529f,0.007,,,
906,2026-04-27,SH600009,-0.07215540111064911,EXP_XGBModel_Alpha158_csi300_custom_step0_s_20260427_14,696d1306e9a445d2ab194dec149f529f,0.007,,,
907,2026-04-27,SH600010,-0.013553531840443611,EXP_XGBModel_Alpha158_csi300_custom_step0_s_20260427_14,696d1306e9a445d2ab194dec149f529f,0.007,,,
908,2026-04-27,SH600011,0.00845316518098116,EXP_XGBModel_Alpha158_csi300_custom_step0_s_20260427_14,696d1306e9a445d2ab194dec149f529f,0.007,,,
909,2026-04-27,SZ300832,0.001016423455439508,EXP_XGBModel_Alpha158_csi300_custom_step0_s_20260427_14,74daf7769f1b4612b7a65e8b4d0b3909,0.162,,,
910,2026-04-27,SH600015,-0.014208555221557617,EXP_XGBModel_Alpha158_csi300_custom_step0_s_20260427_14,696d1306e9a445d2ab194dec149f529f,0.007,,,
911,2026-04-27,SH600018,-0.013387664221227169,EXP_XGBModel_Alpha158_csi300_custom_step0_s_20260427_14,696d1306e9a445d2ab194dec149f529f,0.007,,,
912,2026-04-27,SH600019,-0.03944601118564606,EXP_XGBModel_Alpha158_csi300_custom_step0_s_20260427_14,696d1306e9a445d2ab194dec149f529f,0.007,,,
913,2026-04-27,SH600023,0.024174494668841362,EXP_XGBModel_Alpha158_csi300_custom_step0_s_20260427_14,696d1306e9a445d2ab194dec149f529f,0.007,,,
914,2026-04-27,SH600025,-0.022754866629838943,EXP_XGBModel_Alpha158_csi300_custom_step0_s_20260427_14,696d1306e9a445d2ab194dec149f529f,0.007,,,
915,2026-04-27,SH600026,-0.08984526246786118,EXP_XGBModel_Alpha158_csi300_custom_step0_s_20260427_14,696d1306e9a445d2ab194dec149f529f,0.007,,,
916,2026-04-27,SH600027,0.011508507654070854,EXP_XGBModel_Alpha158_csi300_custom_step0_s_20260427_14,696d1306e9a445d2ab194dec149f529f,0.007,,,
917,2026-04-27,SH600028,-0.04424356669187546,EXP_XGBModel_Alpha158_csi300_custom_step0_s_20260427_14,696d1306e9a445d2ab194dec149f529f,0.007,,,
918,2026-04-27,SH600029,-0.01865534298121929,EXP_XGBModel_Alpha158_csi300_custom_step0_s_20260427_14,696d1306e9a445d2ab194dec149f529f,0.007,,,
919,2026-04-27,SH600030,0.0008482821867801249,EXP_XGBModel_Alpha158_csi300_custom_step0_s_20260427_14,696d1306e9a445d2ab194dec149f529f,0.007,,,
920,2026-04-27,SH600031,-0.02236185036599636,EXP_XGBModel_Alpha158_csi300_custom_step0_s_20260427_14,696d1306e9a445d2ab194dec149f529f,0.007,,,
921,2026-04-27,SH600036,-0.0120315570384264,EXP_XGBModel_Alpha158_csi300_custom_step0_s_20260427_14,696d1306e9a445d2ab194dec149f529f,0.007,,,
922,2026-04-27,SH600016,-0.05244004353880882,EXP_XGBModel_Alpha158_csi300_custom_step0_s_20260427_14,696d1306e9a445d2ab194dec149f529f,0.007,,,
923,2026-04-27,SH600039,-0.035769976675510406,EXP_XGBModel_Alpha158_csi300_custom_step0_s_20260427_14,696d1306e9a445d2ab194dec149f529f,0.007,,,
924,2026-04-27,SZ300803,-0.016412312164902687,EXP_XGBModel_Alpha158_csi300_custom_step0_s_20260427_14,74daf7769f1b4612b7a65e8b4d0b3909,0.162,,,
925,2026-04-27,SZ300760,0.015664029866456985,EXP_XGBModel_Alpha158_csi300_custom_step0_s_20260427_14,74daf7769f1b4612b7a65e8b4d0b3909,0.162,,,
926,2026-04-27,SZ300014,0.006133439019322395,EXP_XGBModel_Alpha158_csi300_custom_step0_s_20260427_14,74daf7769f1b4612b7a65e8b4d0b3909,0.162,,,
927,2026-04-27,SZ300015,-0.02164429798722267,EXP_XGBModel_Alpha158_csi300_custom_step0_s_20260427_14,74daf7769f1b4612b7a65e8b4d0b3909,0.162,,,
928,2026-04-27,SZ300033,0.026921845972537994,EXP_XGBModel_Alpha158_csi300_custom_step0_s_20260427_14,74daf7769f1b4612b7a65e8b4d0b3909,0.162,,,
929,2026-04-27,SZ300059,0.013648191466927528,EXP_XGBModel_Alpha158_csi300_custom_step0_s_20260427_14,74daf7769f1b4612b7a65e8b4d0b3909,0.162,,,
930,2026-04-27,SZ300122,-0.021725377067923546,EXP_XGBModel_Alpha158_csi300_custom_step0_s_20260427_14,74daf7769f1b4612b7a65e8b4d0b3909,0.162,,,
931,2026-04-27,SZ300124,-0.014015809632837772,EXP_XGBModel_Alpha158_csi300_custom_step0_s_20260427_14,74daf7769f1b4612b7a65e8b4d0b3909,0.162,,,
932,2026-04-27,SZ300251,0.007658904418349266,EXP_XGBModel_Alpha158_csi300_custom_step0_s_20260427_14,74daf7769f1b4612b7a65e8b4d0b3909,0.162,,,
933,2026-04-27,SZ300274,0.055285096168518066,EXP_XGBModel_Alpha158_csi300_custom_step0_s_20260427_14,74daf7769f1b4612b7a65e8b4d0b3909,0.162,,,
934,2026-04-27,SZ300308,-0.2302905172109604,EXP_XGBModel_Alpha158_csi300_custom_step0_s_20260427_14,74daf7769f1b4612b7a65e8b4d0b3909,0.162,,,
935,2026-04-27,SZ300316,-0.029325082898139954,EXP_XGBModel_Alpha158_csi300_custom_step0_s_20260427_14,74daf7769f1b4612b7a65e8b4d0b3909,0.162,,,
936,2026-04-27,SZ300347,-0.03140506520867348,EXP_XGBModel_Alpha158_csi300_custom_step0_s_20260427_14,74daf7769f1b4612b7a65e8b4d0b3909,0.162,,,
937,2026-04-27,SZ300782,0.08186399936676025,EXP_XGBModel_Alpha158_csi300_custom_step0_s_20260427_14,74daf7769f1b4612b7a65e8b4d0b3909,0.162,,,
938,2026-04-27,SZ300394,0.1871713548898697,EXP_XGBModel_Alpha158_csi300_custom_step0_s_20260427_14,74daf7769f1b4612b7a65e8b4d0b3909,0.162,,,
939,2026-04-27,SZ300413,0.006353903561830521,EXP_XGBModel_Alpha158_csi300_custom_step0_s_20260427_14,74daf7769f1b4612b7a65e8b4d0b3909,0.162,,,
940,2026-04-27,SZ300418,-0.0019222976407036185,EXP_XGBModel_Alpha158_csi300_custom_step0_s_20260427_14,74daf7769f1b4612b7a65e8b4d0b3909,0.162,,,
941,2026-04-27,SZ300433,-0.0348358228802681,EXP_XGBModel_Alpha158_csi300_custom_step0_s_20260427_14,74daf7769f1b4612b7a65e8b4d0b3909,0.162,,,
942,2026-04-27,SZ300442,-0.01843142881989479,EXP_XGBModel_Alpha158_csi300_custom_step0_s_20260427_14,74daf7769f1b4612b7a65e8b4d0b3909,0.162,,,
943,2026-04-27,SZ300476,0.10254865884780884,EXP_XGBModel_Alpha158_csi300_custom_step0_s_20260427_14,74daf7769f1b4612b7a65e8b4d0b3909,0.162,,,
944,2026-04-27,SZ300498,-0.023043397814035416,EXP_XGBModel_Alpha158_csi300_custom_step0_s_20260427_14,74daf7769f1b4612b7a65e8b4d0b3909,0.162,,,
945,2026-04-27,SZ300502,0.022076305001974106,EXP_XGBModel_Alpha158_csi300_custom_step0_s_20260427_14,74daf7769f1b4612b7a65e8b4d0b3909,0.162,,,
946,2026-04-27,SZ300628,-0.03645031899213791,EXP_XGBModel_Alpha158_csi300_custom_step0_s_20260427_14,74daf7769f1b4612b7a65e8b4d0b3909,0.162,,,
947,2026-04-27,SZ300661,-0.011901465244591236,EXP_XGBModel_Alpha158_csi300_custom_step0_s_20260427_14,74daf7769f1b4612b7a65e8b4d0b3909,0.162,,,
948,2026-04-27,SZ300750,-0.008850674144923687,EXP_XGBModel_Alpha158_csi300_custom_step0_s_20260427_14,74daf7769f1b4612b7a65e8b4d0b3909,0.162,,,
949,2026-04-27,SZ300759,-0.014658110216259956,EXP_XGBModel_Alpha158_csi300_custom_step0_s_20260427_14,74daf7769f1b4612b7a65e8b4d0b3909,0.162,,,
950,2026-04-27,SZ300408,-0.0697302594780922,EXP_XGBModel_Alpha158_csi300_custom_step0_s_20260427_14,74daf7769f1b4612b7a65e8b4d0b3909,0.162,,,
951,2026-04-27,SZ003816,-0.02317393757402897,EXP_XGBModel_Alpha158_csi300_custom_step0_s_20260427_14,74daf7769f1b4612b7a65e8b4d0b3909,0.162,,,
952,2026-04-27,SH600048,0.013286573812365532,EXP_XGBModel_Alpha158_csi300_custom_step0_s_20260427_14,696d1306e9a445d2ab194dec149f529f,0.007,,,
953,2026-04-27,SH600061,-0.10174350440502167,EXP_XGBModel_Alpha158_csi300_custom_step0_s_20260427_14,696d1306e9a445d2ab194dec149f529f,0.007,,,
954,2026-04-27,SH600489,0.11073887348175049,EXP_XGBModel_Alpha158_csi300_custom_step0_s_20260427_14,696d1306e9a445d2ab194dec149f529f,0.007,,,
955,2026-04-27,SH600515,-0.0008380641811527312,EXP_XGBModel_Alpha158_csi300_custom_step0_s_20260427_14,696d1306e9a445d2ab194dec149f529f,0.007,,,
956,2026-04-27,SH600519,-0.05704396590590477,EXP_XGBModel_Alpha158_csi300_custom_step0_s_20260427_14,696d1306e9a445d2ab194dec149f529f,0.007,,,
957,2026-04-27,SH600522,0.1577334702014923,EXP_XGBModel_Alpha158_csi300_custom_step0_s_20260427_14,696d1306e9a445d2ab194dec149f529f,0.007,,,
958,2026-04-27,SH600547,0.06384485960006714,EXP_XGBModel_Alpha158_csi300_custom_step0_s_20260427_14,696d1306e9a445d2ab194dec149f529f,0.007,,,
959,2026-04-27,SH600570,0.007206943351775408,EXP_XGBModel_Alpha158_csi300_custom_step0_s_20260427_14,696d1306e9a445d2ab194dec149f529f,0.007,,,
960,2026-04-27,SH600584,0.052574656903743744,EXP_XGBModel_Alpha158_csi300_custom_step0_s_20260427_14,696d1306e9a445d2ab194dec149f529f,0.007,,,
961,2026-04-27,SH600585,-0.08424638211727142,EXP_XGBModel_Alpha158_csi300_custom_step0_s_20260427_14,696d1306e9a445d2ab194dec149f529f,0.007,,,
962,2026-04-27,SH600588,0.06947387009859085,EXP_XGBModel_Alpha158_csi300_custom_step0_s_20260427_14,696d1306e9a445d2ab194dec149f529f,0.007,,,
963,2026-04-27,SH600600,-0.016681652516126633,EXP_XGBModel_Alpha158_csi300_custom_step0_s_20260427_14,696d1306e9a445d2ab194dec149f529f,0.007,,,
964,2026-04-27,SH600660,0.027440007776021957,EXP_XGBModel_Alpha158_csi300_custom_step0_s_20260427_14,696d1306e9a445d2ab194dec149f529f,0.007,,,
965,2026-04-27,SH600482,-0.07759106904268265,EXP_XGBModel_Alpha158_csi300_custom_step0_s_20260427_14,696d1306e9a445d2ab194dec149f529f,0.007,,,
966,2026-04-27,SH600674,-0.003811940085142851,EXP_XGBModel_Alpha158_csi300_custom_step0_s_20260427_14,696d1306e9a445d2ab194dec149f529f,0.007,,,
967,2026-04-27,SH600741,0.018683847039937973,EXP_XGBModel_Alpha158_csi300_custom_step0_s_20260427_14,696d1306e9a445d2ab194dec149f529f,0.007,,,
968,2026-04-27,SH600760,-0.011640800163149834,EXP_XGBModel_Alpha158_csi300_custom_step0_s_20260427_14,696d1306e9a445d2ab194dec149f529f,0.007,,,
969,2026-04-27,SH600795,-0.005767859052866697,EXP_XGBModel_Alpha158_csi300_custom_step0_s_20260427_14,696d1306e9a445d2ab194dec149f529f,0.007,,,
970,2026-04-27,SH600803,-0.015405078418552876,EXP_XGBModel_Alpha158_csi300_custom_step0_s_20260427_14,696d1306e9a445d2ab194dec149f529f,0.007,,,
971,2026-04-27,SH600809,-0.07026401162147522,EXP_XGBModel_Alpha158_csi300_custom_step0_s_20260427_14,696d1306e9a445d2ab194dec149f529f,0.007,,,
972,2026-04-27,SH600845,0.0059013450518250465,EXP_XGBModel_Alpha158_csi300_custom_step0_s_20260427_14,696d1306e9a445d2ab194dec149f529f,0.007,,,
973,2026-04-27,SH600875,-0.07253744453191757,EXP_XGBModel_Alpha158_csi300_custom_step0_s_20260427_14,696d1306e9a445d2ab194dec149f529f,0.007,,,
974,2026-04-27,SH600886,0.0005088625475764275,EXP_XGBModel_Alpha158_csi300_custom_step0_s_20260427_14,696d1306e9a445d2ab194dec149f529f,0.007,,,
975,2026-04-27,SH600887,-0.060112785547971725,EXP_XGBModel_Alpha158_csi300_custom_step0_s_20260427_14,696d1306e9a445d2ab194dec149f529f,0.007,,,
976,2026-04-27,SH600893,0.04853280633687973,EXP_XGBModel_Alpha158_csi300_custom_step0_s_20260427_14,696d1306e9a445d2ab194dec149f529f,0.007,,,
977,2026-04-27,SH600900,-0.027011102065443993,EXP_XGBModel_Alpha158_csi300_custom_step0_s_20260427_14,696d1306e9a445d2ab194dec149f529f,0.007,,,
978,2026-04-27,SH600690,-0.040851492434740067,EXP_XGBModel_Alpha158_csi300_custom_step0_s_20260427_14,696d1306e9a445d2ab194dec149f529f,0.007,,,
979,2026-04-27,SH600050,-0.015836095437407494,EXP_XGBModel_Alpha158_csi300_custom_step0_s_20260427_14,696d1306e9a445d2ab194dec149f529f,0.007,,,
980,2026-04-27,SH600460,0.15161758661270142,EXP_XGBModel_Alpha158_csi300_custom_step0_s_20260427_14,696d1306e9a445d2ab194dec149f529f,0.007,,,
981,2026-04-27,SH600436,-0.07691870629787445,EXP_XGBModel_Alpha158_csi300_custom_step0_s_20260427_14,696d1306e9a445d2ab194dec149f529f,0.007,,,
982,2026-04-27,SH600066,0.011746690608561039,EXP_XGBModel_Alpha158_csi300_custom_step0_s_20260427_14,696d1306e9a445d2ab194dec149f529f,0.007,,,
983,2026-04-27,SH600085,-0.06688909232616425,EXP_XGBModel_Alpha158_csi300_custom_step0_s_20260427_14,696d1306e9a445d2ab194dec149f529f,0.007,,,
984,2026-04-27,SH600089,-0.017236972227692604,EXP_XGBModel_Alpha158_csi300_custom_step0_s_20260427_14,696d1306e9a445d2ab194dec149f529f,0.007,,,
985,2026-04-27,SH600104,-0.06996084004640579,EXP_XGBModel_Alpha158_csi300_custom_step0_s_20260427_14,696d1306e9a445d2ab194dec149f529f,0.007,,,
986,2026-04-27,SH600111,-0.026927080005407333,EXP_XGBModel_Alpha158_csi300_custom_step0_s_20260427_14,696d1306e9a445d2ab194dec149f529f,0.007,,,
987,2026-04-27,SH600115,0.03329039365053177,EXP_XGBModel_Alpha158_csi300_custom_step0_s_20260427_14,696d1306e9a445d2ab194dec149f529f,0.007,,,
988,2026-04-27,SH600150,0.2084033042192459,EXP_XGBModel_Alpha158_csi300_custom_step0_s_20260427_14,696d1306e9a445d2ab194dec149f529f,0.007,,,
989,2026-04-27,SH600160,-0.036093469709157944,EXP_XGBModel_Alpha158_csi300_custom_step0_s_20260427_14,696d1306e9a445d2ab194dec149f529f,0.007,,,
990,2026-04-27,SH600161,-0.07257530093193054,EXP_XGBModel_Alpha158_csi300_custom_step0_s_20260427_14,696d1306e9a445d2ab194dec149f529f,0.007,,,
991,2026-04-27,SH600176,-0.042084790766239166,EXP_XGBModel_Alpha158_csi300_custom_step0_s_20260427_14,696d1306e9a445d2ab194dec149f529f,0.007,,,
992,2026-04-27,SH600183,0.10201572626829147,EXP_XGBModel_Alpha158_csi300_custom_step0_s_20260427_14,696d1306e9a445d2ab194dec149f529f,0.007,,,
993,2026-04-27,SH600438,0.010223890654742718,EXP_XGBModel_Alpha158_csi300_custom_step0_s_20260427_14,696d1306e9a445d2ab194dec149f529f,0.007,,,
994,2026-04-27,SH600188,0.04517718404531479,EXP_XGBModel_Alpha158_csi300_custom_step0_s_20260427_14,696d1306e9a445d2ab194dec149f529f,0.007,,,
995,2026-04-27,SH600219,0.016088733449578285,EXP_XGBModel_Alpha158_csi300_custom_step0_s_20260427_14,696d1306e9a445d2ab194dec149f529f,0.007,,,
996,2026-04-27,SH600233,0.04266979545354843,EXP_XGBModel_Alpha158_csi300_custom_step0_s_20260427_14,696d1306e9a445d2ab194dec149f529f,0.007,,,
997,2026-04-27,SH600276,-0.026021994650363922,EXP_XGBModel_Alpha158_csi300_custom_step0_s_20260427_14,696d1306e9a445d2ab194dec149f529f,0.007,,,
998,2026-04-27,SH600309,0.02665727771818638,EXP_XGBModel_Alpha158_csi300_custom_step0_s_20260427_14,696d1306e9a445d2ab194dec149f529f,0.007,,,
999,2026-04-27,SH600346,0.13440662622451782,EXP_XGBModel_Alpha158_csi300_custom_step0_s_20260427_14,696d1306e9a445d2ab194dec149f529f,0.007,,,
1000,2026-04-27,SH600362,0.0322863943874836,EXP_XGBModel_Alpha158_csi300_custom_step0_s_20260427_14,696d1306e9a445d2ab194dec149f529f,0.007,,,
1001,2026-04-27,SH600372,0.031836993992328644,EXP_XGBModel_Alpha158_csi300_custom_step0_s_20260427_14,696d1306e9a445d2ab194dec149f529f,0.007,,,
1002,2026-04-27,SH600377,-0.02826283499598503,EXP_XGBModel_Alpha158_csi300_custom_step0_s_20260427_14,696d1306e9a445d2ab194dec149f529f,0.007,,,
1003,2026-04-27,SH600406,-0.029509074985980988,EXP_XGBModel_Alpha158_csi300_custom_step0_s_20260427_14,696d1306e9a445d2ab194dec149f529f,0.007,,,
1004,2026-04-27,SH600415,-0.15961162745952606,EXP_XGBModel_Alpha158_csi300_custom_step0_s_20260427_14,696d1306e9a445d2ab194dec149f529f,0.007,,,
1005,2026-04-27,SH600426,-0.02125072292983532,EXP_XGBModel_Alpha158_csi300_custom_step0_s_20260427_14,696d1306e9a445d2ab194dec149f529f,0.007,,,
1006,2026-04-27,SH600196,-0.03224639222025871,EXP_XGBModel_Alpha158_csi300_custom_step0_s_20260427_14,696d1306e9a445d2ab194dec149f529f,0.007,,,
1007,2026-04-27,SH600905,-0.03347783908247948,EXP_XGBModel_Alpha158_csi300_custom_step0_s_20260427_14,696d1306e9a445d2ab194dec149f529f,0.007,,,
1008,2026-04-27,SZ002938,-0.20012730360031128,EXP_XGBModel_Alpha158_csi300_custom_step0_s_20260427_14,74daf7769f1b4612b7a65e8b4d0b3909,0.162,,,
1009,2026-04-27,SZ002916,-0.025677334517240524,EXP_XGBModel_Alpha158_csi300_custom_step0_s_20260427_14,74daf7769f1b4612b7a65e8b4d0b3909,0.162,,,
1010,2026-04-27,SH688187,0.007105490658432245,EXP_XGBModel_Alpha158_csi300_custom_step0_s_20260427_14,74daf7769f1b4612b7a65e8b4d0b3909,0.162,,,
1011,2026-04-27,SH688223,-0.0022915881127119064,EXP_XGBModel_Alpha158_csi300_custom_step0_s_20260427_14,74daf7769f1b4612b7a65e8b4d0b3909,0.162,,,
1012,2026-04-27,SH688256,0.10807397216558456,EXP_XGBModel_Alpha158_csi300_custom_step0_s_20260427_14,74daf7769f1b4612b7a65e8b4d0b3909,0.162,,,
1013,2026-04-27,SH688271,0.017574027180671692,EXP_XGBModel_Alpha158_csi300_custom_step0_s_20260427_14,74daf7769f1b4612b7a65e8b4d0b3909,0.162,,,
1014,2026-04-27,SH688303,-0.06192351132631302,EXP_XGBModel_Alpha158_csi300_custom_step0_s_20260427_14,74daf7769f1b4612b7a65e8b4d0b3909,0.162,,,
1015,2026-04-27,SH688396,-0.15337218344211578,EXP_XGBModel_Alpha158_csi300_custom_step0_s_20260427_14,74daf7769f1b4612b7a65e8b4d0b3909,0.162,,,
1016,2026-04-27,SH688472,0.05400598794221878,EXP_XGBModel_Alpha158_csi300_custom_step0_s_20260427_14,74daf7769f1b4612b7a65e8b4d0b3909,0.162,,,
1017,2026-04-27,SH688506,-0.016762373968958855,EXP_XGBModel_Alpha158_csi300_custom_step0_s_20260427_14,74daf7769f1b4612b7a65e8b4d0b3909,0.162,,,
1018,2026-04-27,SH688981,-0.057483963668346405,EXP_XGBModel_Alpha158_csi300_custom_step0_s_20260427_14,74daf7769f1b4612b7a65e8b4d0b3909,0.162,,,
1019,2026-04-27,SZ000001,-0.02496698498725891,EXP_XGBModel_Alpha158_csi300_custom_step0_s_20260427_14,74daf7769f1b4612b7a65e8b4d0b3909,0.162,,,
1020,2026-04-27,SZ000002,-0.02171364054083824,EXP_XGBModel_Alpha158_csi300_custom_step0_s_20260427_14,74daf7769f1b4612b7a65e8b4d0b3909,0.162,,,
1021,2026-04-27,SH688169,-0.02627900429069996,EXP_XGBModel_Alpha158_csi300_custom_step0_s_20260427_14,74daf7769f1b4612b7a65e8b4d0b3909,0.162,,,
1022,2026-04-27,SZ000063,0.027199987322092056,EXP_XGBModel_Alpha158_csi300_custom_step0_s_20260427_14,74daf7769f1b4612b7a65e8b4d0b3909,0.162,,,
1023,2026-04-27,SZ000157,-0.03647284954786301,EXP_XGBModel_Alpha158_csi300_custom_step0_s_20260427_14,74daf7769f1b4612b7a65e8b4d0b3909,0.162,,,
1024,2026-04-27,SZ000166,-0.01020617876201868,EXP_XGBModel_Alpha158_csi300_custom_step0_s_20260427_14,74daf7769f1b4612b7a65e8b4d0b3909,0.162,,,
1025,2026-04-27,SZ000301,-0.07271705567836761,EXP_XGBModel_Alpha158_csi300_custom_step0_s_20260427_14,74daf7769f1b4612b7a65e8b4d0b3909,0.162,,,
1026,2026-04-27,SZ000333,0.031254399567842484,EXP_XGBModel_Alpha158_csi300_custom_step0_s_20260427_14,74daf7769f1b4612b7a65e8b4d0b3909,0.162,,,
1027,2026-04-27,SZ000338,-0.10987286269664764,EXP_XGBModel_Alpha158_csi300_custom_step0_s_20260427_14,74daf7769f1b4612b7a65e8b4d0b3909,0.162,,,
1028,2026-04-27,SZ000408,-0.05333266779780388,EXP_XGBModel_Alpha158_csi300_custom_step0_s_20260427_14,74daf7769f1b4612b7a65e8b4d0b3909,0.162,,,
1029,2026-04-27,SZ000425,-0.014297783374786377,EXP_XGBModel_Alpha158_csi300_custom_step0_s_20260427_14,74daf7769f1b4612b7a65e8b4d0b3909,0.162,,,
1030,2026-04-27,SZ000538,-0.017621811479330063,EXP_XGBModel_Alpha158_csi300_custom_step0_s_20260427_14,74daf7769f1b4612b7a65e8b4d0b3909,0.162,,,
1031,2026-04-27,SZ000568,-0.013897080905735493,EXP_XGBModel_Alpha158_csi300_custom_step0_s_20260427_14,74daf7769f1b4612b7a65e8b4d0b3909,0.162,,,
1032,2026-04-27,SZ000596,-0.0017271857941523194,EXP_XGBModel_Alpha158_csi300_custom_step0_s_20260427_14,74daf7769f1b4612b7a65e8b4d0b3909,0.162,,,
1033,2026-04-27,SZ000617,-0.035529762506484985,EXP_XGBModel_Alpha158_csi300_custom_step0_s_20260427_14,74daf7769f1b4612b7a65e8b4d0b3909,0.162,,,
1034,2026-04-27,SZ000100,-0.00030108398641459644,EXP_XGBModel_Alpha158_csi300_custom_step0_s_20260427_14,74daf7769f1b4612b7a65e8b4d0b3909,0.162,,,
1035,2026-04-27,SZ000625,-0.0016757436096668243,EXP_XGBModel_Alpha158_csi300_custom_step0_s_20260427_14,74daf7769f1b4612b7a65e8b4d0b3909,0.162,,,
1036,2026-04-27,SH688126,-0.18461547791957855,EXP_XGBModel_Alpha158_csi300_custom_step0_s_20260427_14,74daf7769f1b4612b7a65e8b4d0b3909,0.162,,,
1037,2026-04-27,SH688082,-0.12188607454299927,EXP_XGBModel_Alpha158_csi300_custom_step0_s_20260427_14,74daf7769f1b4612b7a65e8b4d0b3909,0.162,,,
1038,2026-04-27,SH601988,0.034180812537670135,EXP_XGBModel_Alpha158_csi300_custom_step0_s_20260427_14,74daf7769f1b4612b7a65e8b4d0b3909,0.162,,,
1039,2026-04-27,SH601995,0.02356826514005661,EXP_XGBModel_Alpha158_csi300_custom_step0_s_20260427_14,74daf7769f1b4612b7a65e8b4d0b3909,0.162,,,
1040,2026-04-27,SH601998,0.04165338724851608,EXP_XGBModel_Alpha158_csi300_custom_step0_s_20260427_14,74daf7769f1b4612b7a65e8b4d0b3909,0.162,,,
1041,2026-04-27,SH603019,-0.025417199358344078,EXP_XGBModel_Alpha158_csi300_custom_step0_s_20260427_14,74daf7769f1b4612b7a65e8b4d0b3909,0.162,,,
1042,2026-04-27,SH603195,-0.009813467971980572,EXP_XGBModel_Alpha158_csi300_custom_step0_s_20260427_14,74daf7769f1b4612b7a65e8b4d0b3909,0.162,,,
1043,2026-04-27,SH603259,-0.0083487993106246,EXP_XGBModel_Alpha158_csi300_custom_step0_s_20260427_14,74daf7769f1b4612b7a65e8b4d0b3909,0.162,,,
1044,2026-04-27,SH603260,0.011194710619747639,EXP_XGBModel_Alpha158_csi300_custom_step0_s_20260427_14,74daf7769f1b4612b7a65e8b4d0b3909,0.162,,,
1045,2026-04-27,SH603288,0.02535679005086422,EXP_XGBModel_Alpha158_csi300_custom_step0_s_20260427_14,74daf7769f1b4612b7a65e8b4d0b3909,0.162,,,
1046,2026-04-27,SH603296,-0.04973321408033371,EXP_XGBModel_Alpha158_csi300_custom_step0_s_20260427_14,74daf7769f1b4612b7a65e8b4d0b3909,0.162,,,
1047,2026-04-27,SH603369,0.017213212326169014,EXP_XGBModel_Alpha158_csi300_custom_step0_s_20260427_14,74daf7769f1b4612b7a65e8b4d0b3909,0.162,,,
1048,2026-04-27,SH603392,-0.0024687214754521847,EXP_XGBModel_Alpha158_csi300_custom_step0_s_20260427_14,74daf7769f1b4612b7a65e8b4d0b3909,0.162,,,
1049,2026-04-27,SH688111,0.007484059780836105,EXP_XGBModel_Alpha158_csi300_custom_step0_s_20260427_14,74daf7769f1b4612b7a65e8b4d0b3909,0.162,,,
1050,2026-04-27,SH603501,0.06549714505672455,EXP_XGBModel_Alpha158_csi300_custom_step0_s_20260427_14,74daf7769f1b4612b7a65e8b4d0b3909,0.162,,,
1051,2026-04-27,SH603893,-0.06201513111591339,EXP_XGBModel_Alpha158_csi300_custom_step0_s_20260427_14,74daf7769f1b4612b7a65e8b4d0b3909,0.162,,,
1052,2026-04-27,SH603986,-0.10488435626029968,EXP_XGBModel_Alpha158_csi300_custom_step0_s_20260427_14,74daf7769f1b4612b7a65e8b4d0b3909,0.162,,,
1053,2026-04-27,SH603993,-0.06213996186852455,EXP_XGBModel_Alpha158_csi300_custom_step0_s_20260427_14,74daf7769f1b4612b7a65e8b4d0b3909,0.162,,,
1054,2026-04-27,SH605117,0.0026817636098712683,EXP_XGBModel_Alpha158_csi300_custom_step0_s_20260427_14,74daf7769f1b4612b7a65e8b4d0b3909,0.162,,,
1055,2026-04-27,SH605499,-0.009166838601231575,EXP_XGBModel_Alpha158_csi300_custom_step0_s_20260427_14,74daf7769f1b4612b7a65e8b4d0b3909,0.162,,,
1056,2026-04-27,SH688008,0.026569290086627007,EXP_XGBModel_Alpha158_csi300_custom_step0_s_20260427_14,74daf7769f1b4612b7a65e8b4d0b3909,0.162,,,
1057,2026-04-27,SH688009,-0.012069130316376686,EXP_XGBModel_Alpha158_csi300_custom_step0_s_20260427_14,74daf7769f1b4612b7a65e8b4d0b3909,0.162,,,
1058,2026-04-27,SH688012,0.02303190529346466,EXP_XGBModel_Alpha158_csi300_custom_step0_s_20260427_14,74daf7769f1b4612b7a65e8b4d0b3909,0.162,,,
1059,2026-04-27,SH688036,0.02038506232202053,EXP_XGBModel_Alpha158_csi300_custom_step0_s_20260427_14,74daf7769f1b4612b7a65e8b4d0b3909,0.162,,,
1060,2026-04-27,SH688041,0.12222728133201599,EXP_XGBModel_Alpha158_csi300_custom_step0_s_20260427_14,74daf7769f1b4612b7a65e8b4d0b3909,0.162,,,
1061,2026-04-27,SH688047,-0.05611851066350937,EXP_XGBModel_Alpha158_csi300_custom_step0_s_20260427_14,74daf7769f1b4612b7a65e8b4d0b3909,0.162,,,
1062,2026-04-27,SH603799,0.018448149785399437,EXP_XGBModel_Alpha158_csi300_custom_step0_s_20260427_14,74daf7769f1b4612b7a65e8b4d0b3909,0.162,,,
1063,2026-04-27,SZ002920,-0.02918616123497486,EXP_XGBModel_Alpha158_csi300_custom_step0_s_20260427_14,74daf7769f1b4612b7a65e8b4d0b3909,0.162,,,
1064,2026-04-27,SZ000630,0.016481397673487663,EXP_XGBModel_Alpha158_csi300_custom_step0_s_20260427_14,74daf7769f1b4612b7a65e8b4d0b3909,0.162,,,
1065,2026-04-27,SZ000661,0.015164428390562534,EXP_XGBModel_Alpha158_csi300_custom_step0_s_20260427_14,74daf7769f1b4612b7a65e8b4d0b3909,0.162,,,
1066,2026-04-27,SZ002236,-0.003503232030197978,EXP_XGBModel_Alpha158_csi300_custom_step0_s_20260427_14,74daf7769f1b4612b7a65e8b4d0b3909,0.162,,,
1067,2026-04-27,SZ002241,0.0030388750601559877,EXP_XGBModel_Alpha158_csi300_custom_step0_s_20260427_14,74daf7769f1b4612b7a65e8b4d0b3909,0.162,,,
1068,2026-04-27,SZ002252,-0.022208619862794876,EXP_XGBModel_Alpha158_csi300_custom_step0_s_20260427_14,74daf7769f1b4612b7a65e8b4d0b3909,0.162,,,
1069,2026-04-27,SZ002304,0.006582530681043863,EXP_XGBModel_Alpha158_csi300_custom_step0_s_20260427_14,74daf7769f1b4612b7a65e8b4d0b3909,0.162,,,
1070,2026-04-27,SZ002311,-0.025755882263183594,EXP_XGBModel_Alpha158_csi300_custom_step0_s_20260427_14,74daf7769f1b4612b7a65e8b4d0b3909,0.162,,,
1071,2026-04-27,SZ002352,0.0026589471381157637,EXP_XGBModel_Alpha158_csi300_custom_step0_s_20260427_14,74daf7769f1b4612b7a65e8b4d0b3909,0.162,,,
1072,2026-04-27,SZ002371,0.021330002695322037,EXP_XGBModel_Alpha158_csi300_custom_step0_s_20260427_14,74daf7769f1b4612b7a65e8b4d0b3909,0.162,,,
1073,2026-04-27,SZ002384,-0.828806459903717,EXP_XGBModel_Alpha158_csi300_custom_step0_s_20260427_14,74daf7769f1b4612b7a65e8b4d0b3909,0.162,,,
1074,2026-04-27,SZ002415,0.014979790896177292,EXP_XGBModel_Alpha158_csi300_custom_step0_s_20260427_14,74daf7769f1b4612b7a65e8b4d0b3909,0.162,,,
1075,2026-04-27,SZ002422,-0.015412168577313423,EXP_XGBModel_Alpha158_csi300_custom_step0_s_20260427_14,74daf7769f1b4612b7a65e8b4d0b3909,0.162,,,
1076,2026-04-27,SZ002459,0.023006293922662735,EXP_XGBModel_Alpha158_csi300_custom_step0_s_20260427_14,74daf7769f1b4612b7a65e8b4d0b3909,0.162,,,
1077,2026-04-27,SZ002230,-0.008121910504996777,EXP_XGBModel_Alpha158_csi300_custom_step0_s_20260427_14,74daf7769f1b4612b7a65e8b4d0b3909,0.162,,,
1078,2026-04-27,SZ002460,-0.03341532498598099,EXP_XGBModel_Alpha158_csi300_custom_step0_s_20260427_14,74daf7769f1b4612b7a65e8b4d0b3909,0.162,,,
1079,2026-04-27,SZ002466,-0.027991758659482002,EXP_XGBModel_Alpha158_csi300_custom_step0_s_20260427_14,74daf7769f1b4612b7a65e8b4d0b3909,0.162,,,
1080,2026-04-27,SZ002475,-0.11769122630357742,EXP_XGBModel_Alpha158_csi300_custom_step0_s_20260427_14,74daf7769f1b4612b7a65e8b4d0b3909,0.162,,,
1081,2026-04-27,SZ002493,-0.0424191839993,EXP_XGBModel_Alpha158_csi300_custom_step0_s_20260427_14,74daf7769f1b4612b7a65e8b4d0b3909,0.162,,,
1082,2026-04-27,SZ002594,0.00554579496383667,EXP_XGBModel_Alpha158_csi300_custom_step0_s_20260427_14,74daf7769f1b4612b7a65e8b4d0b3909,0.162,,,
1083,2026-04-27,SZ002600,-0.01774635724723339,EXP_XGBModel_Alpha158_csi300_custom_step0_s_20260427_14,74daf7769f1b4612b7a65e8b4d0b3909,0.162,,,
1084,2026-04-27,SZ002601,-0.01750882714986801,EXP_XGBModel_Alpha158_csi300_custom_step0_s_20260427_14,74daf7769f1b4612b7a65e8b4d0b3909,0.162,,,
1085,2026-04-27,SZ002625,-0.03672119975090027,EXP_XGBModel_Alpha158_csi300_custom_step0_s_20260427_14,74daf7769f1b4612b7a65e8b4d0b3909,0.162,,,
1086,2026-04-27,SZ002648,-0.04783013463020325,EXP_XGBModel_Alpha158_csi300_custom_step0_s_20260427_14,74daf7769f1b4612b7a65e8b4d0b3909,0.162,,,
1087,2026-04-27,SZ002709,0.10203342139720917,EXP_XGBModel_Alpha158_csi300_custom_step0_s_20260427_14,74daf7769f1b4612b7a65e8b4d0b3909,0.162,,,
1088,2026-04-27,SZ002714,-0.029733257368206978,EXP_XGBModel_Alpha158_csi300_custom_step0_s_20260427_14,74daf7769f1b4612b7a65e8b4d0b3909,0.162,,,
1089,2026-04-27,SZ002736,-0.04075916111469269,EXP_XGBModel_Alpha158_csi300_custom_step0_s_20260427_14,74daf7769f1b4612b7a65e8b4d0b3909,0.162,,,
1090,2026-04-27,SZ002463,-0.09540876746177673,EXP_XGBModel_Alpha158_csi300_custom_step0_s_20260427_14,74daf7769f1b4612b7a65e8b4d0b3909,0.162,,,
1091,2026-04-27,SZ000651,-0.011444330215454102,EXP_XGBModel_Alpha158_csi300_custom_step0_s_20260427_14,74daf7769f1b4612b7a65e8b4d0b3909,0.162,,,
1092,2026-04-27,SZ002179,-0.033928077667951584,EXP_XGBModel_Alpha158_csi300_custom_step0_s_20260427_14,74daf7769f1b4612b7a65e8b4d0b3909,0.162,,,
1093,2026-04-27,SZ002074,0.020840317010879517,EXP_XGBModel_Alpha158_csi300_custom_step0_s_20260427_14,74daf7769f1b4612b7a65e8b4d0b3909,0.162,,,
1094,2026-04-27,SZ000708,-0.0510355569422245,EXP_XGBModel_Alpha158_csi300_custom_step0_s_20260427_14,74daf7769f1b4612b7a65e8b4d0b3909,0.162,,,
1095,2026-04-27,SZ000725,-0.00489747803658247,EXP_XGBModel_Alpha158_csi300_custom_step0_s_20260427_14,74daf7769f1b4612b7a65e8b4d0b3909,0.162,,,
1096,2026-04-27,SZ000768,-0.020593583583831787,EXP_XGBModel_Alpha158_csi300_custom_step0_s_20260427_14,74daf7769f1b4612b7a65e8b4d0b3909,0.162,,,
1097,2026-04-27,SZ000776,0.01972879096865654,EXP_XGBModel_Alpha158_csi300_custom_step0_s_20260427_14,74daf7769f1b4612b7a65e8b4d0b3909,0.162,,,
1098,2026-04-27,SZ000786,-0.000962238060310483,EXP_XGBModel_Alpha158_csi300_custom_step0_s_20260427_14,74daf7769f1b4612b7a65e8b4d0b3909,0.162,,,
1099,2026-04-27,SZ000792,-0.01355065405368805,EXP_XGBModel_Alpha158_csi300_custom_step0_s_20260427_14,74daf7769f1b4612b7a65e8b4d0b3909,0.162,,,
1100,2026-04-27,SZ000807,0.013595749624073505,EXP_XGBModel_Alpha158_csi300_custom_step0_s_20260427_14,74daf7769f1b4612b7a65e8b4d0b3909,0.162,,,
1101,2026-04-27,SZ000858,-0.016432175412774086,EXP_XGBModel_Alpha158_csi300_custom_step0_s_20260427_14,74daf7769f1b4612b7a65e8b4d0b3909,0.162,,,
1102,2026-04-27,SZ000876,-0.004259886220097542,EXP_XGBModel_Alpha158_csi300_custom_step0_s_20260427_14,74daf7769f1b4612b7a65e8b4d0b3909,0.162,,,
1103,2026-04-27,SZ000895,0.02507980540394783,EXP_XGBModel_Alpha158_csi300_custom_step0_s_20260427_14,74daf7769f1b4612b7a65e8b4d0b3909,0.162,,,
1104,2026-04-27,SZ000938,0.0772511214017868,EXP_XGBModel_Alpha158_csi300_custom_step0_s_20260427_14,74daf7769f1b4612b7a65e8b4d0b3909,0.162,,,
1105,2026-04-27,SZ002142,0.006795280613005161,EXP_XGBModel_Alpha158_csi300_custom_step0_s_20260427_14,74daf7769f1b4612b7a65e8b4d0b3909,0.162,,,
1106,2026-04-27,SZ000963,-0.027490602806210518,EXP_XGBModel_Alpha158_csi300_custom_step0_s_20260427_14,74daf7769f1b4612b7a65e8b4d0b3909,0.162,,,
1107,2026-04-27,SZ000977,-0.01413683407008648,EXP_XGBModel_Alpha158_csi300_custom_step0_s_20260427_14,74daf7769f1b4612b7a65e8b4d0b3909,0.162,,,
1108,2026-04-27,SZ000983,0.00561622716486454,EXP_XGBModel_Alpha158_csi300_custom_step0_s_20260427_14,74daf7769f1b4612b7a65e8b4d0b3909,0.162,,,
1109,2026-04-27,SZ000999,-0.14512550830841064,EXP_XGBModel_Alpha158_csi300_custom_step0_s_20260427_14,74daf7769f1b4612b7a65e8b4d0b3909,0.162,,,
1110,2026-04-27,SZ001391,0.015176476910710335,EXP_XGBModel_Alpha158_csi300_custom_step0_s_20260427_14,74daf7769f1b4612b7a65e8b4d0b3909,0.162,,,
1111,2026-04-27,SZ001965,0.001786000095307827,EXP_XGBModel_Alpha158_csi300_custom_step0_s_20260427_14,74daf7769f1b4612b7a65e8b4d0b3909,0.162,,,
1112,2026-04-27,SZ001979,0.008754434064030647,EXP_XGBModel_Alpha158_csi300_custom_step0_s_20260427_14,74daf7769f1b4612b7a65e8b4d0b3909,0.162,,,
1113,2026-04-27,SZ002001,-0.008495661430060863,EXP_XGBModel_Alpha158_csi300_custom_step0_s_20260427_14,74daf7769f1b4612b7a65e8b4d0b3909,0.162,,,
1114,2026-04-27,SZ002027,-0.012857543304562569,EXP_XGBModel_Alpha158_csi300_custom_step0_s_20260427_14,74daf7769f1b4612b7a65e8b4d0b3909,0.162,,,
1115,2026-04-27,SZ002028,-0.11302854865789413,EXP_XGBModel_Alpha158_csi300_custom_step0_s_20260427_14,74daf7769f1b4612b7a65e8b4d0b3909,0.162,,,
1116,2026-04-27,SZ002049,-0.011438271962106228,EXP_XGBModel_Alpha158_csi300_custom_step0_s_20260427_14,74daf7769f1b4612b7a65e8b4d0b3909,0.162,,,
1117,2026-04-27,SZ002050,0.012173793278634548,EXP_XGBModel_Alpha158_csi300_custom_step0_s_20260427_14,74daf7769f1b4612b7a65e8b4d0b3909,0.162,,,
1118,2026-04-27,SZ000975,-0.020998848602175713,EXP_XGBModel_Alpha158_csi300_custom_step0_s_20260427_14,74daf7769f1b4612b7a65e8b4d0b3909,0.162,,,
1119,2026-04-27,SH601985,-0.0099810641258955,EXP_XGBModel_Alpha158_csi300_custom_step0_s_20260427_14,74daf7769f1b4612b7a65e8b4d0b3909,0.162,,,
1120,2026-04-27,SH600918,-0.08298827707767487,EXP_XGBModel_Alpha158_csi300_custom_step0_s_20260427_14,696d1306e9a445d2ab194dec149f529f,0.007,,,
1121,2026-04-27,SH600926,0.01188676804304123,EXP_XGBModel_Alpha158_csi300_custom_step0_s_20260427_14,696d1306e9a445d2ab194dec149f529f,0.007,,,
1122,2026-04-27,SZ000895,-0.013114267960190773,EXP_XGBModel_Alpha158_csi300_custom_step0_s_20260427_14,696d1306e9a445d2ab194dec149f529f,0.007,,,
1123,2026-04-27,SZ000938,0.02596915513277054,EXP_XGBModel_Alpha158_csi300_custom_step0_s_20260427_14,696d1306e9a445d2ab194dec149f529f,0.007,,,
1124,2026-04-27,SZ000963,-0.08469046652317047,EXP_XGBModel_Alpha158_csi300_custom_step0_s_20260427_14,696d1306e9a445d2ab194dec149f529f,0.007,,,
1125,2026-04-27,SZ000975,-0.015463534742593765,EXP_XGBModel_Alpha158_csi300_custom_step0_s_20260427_14,696d1306e9a445d2ab194dec149f529f,0.007,,,
1126,2026-04-27,SZ000977,0.189300999045372,EXP_XGBModel_Alpha158_csi300_custom_step0_s_20260427_14,696d1306e9a445d2ab194dec149f529f,0.007,,,
1127,2026-04-27,SZ000983,-0.010989203117787838,EXP_XGBModel_Alpha158_csi300_custom_step0_s_20260427_14,696d1306e9a445d2ab194dec149f529f,0.007,,,
1128,2026-04-27,SZ000999,-0.09263619780540466,EXP_XGBModel_Alpha158_csi300_custom_step0_s_20260427_14,696d1306e9a445d2ab194dec149f529f,0.007,,,
1129,2026-04-27,SZ001391,-0.042172230780124664,EXP_XGBModel_Alpha158_csi300_custom_step0_s_20260427_14,696d1306e9a445d2ab194dec149f529f,0.007,,,
1130,2026-04-27,SZ001965,-0.03205517306923866,EXP_XGBModel_Alpha158_csi300_custom_step0_s_20260427_14,696d1306e9a445d2ab194dec149f529f,0.007,,,
1131,2026-04-27,SZ001979,0.009669532999396324,EXP_XGBModel_Alpha158_csi300_custom_step0_s_20260427_14,696d1306e9a445d2ab194dec149f529f,0.007,,,
1132,2026-04-27,SZ002001,0.03237592428922653,EXP_XGBModel_Alpha158_csi300_custom_step0_s_20260427_14,696d1306e9a445d2ab194dec149f529f,0.007,,,
1133,2026-04-27,SZ000876,-0.03560657054185867,EXP_XGBModel_Alpha158_csi300_custom_step0_s_20260427_14,696d1306e9a445d2ab194dec149f529f,0.007,,,
1134,2026-04-27,SZ002027,-0.057121891528367996,EXP_XGBModel_Alpha158_csi300_custom_step0_s_20260427_14,696d1306e9a445d2ab194dec149f529f,0.007,,,
1135,2026-04-27,SZ002049,0.019828204065561295,EXP_XGBModel_Alpha158_csi300_custom_step0_s_20260427_14,696d1306e9a445d2ab194dec149f529f,0.007,,,
1136,2026-04-27,SZ002050,0.013357385993003845,EXP_XGBModel_Alpha158_csi300_custom_step0_s_20260427_14,696d1306e9a445d2ab194dec149f529f,0.007,,,
1137,2026-04-27,SZ002074,0.022382540628314018,EXP_XGBModel_Alpha158_csi300_custom_step0_s_20260427_14,696d1306e9a445d2ab194dec149f529f,0.007,,,
1138,2026-04-27,SZ002142,0.007171053439378738,EXP_XGBModel_Alpha158_csi300_custom_step0_s_20260427_14,696d1306e9a445d2ab194dec149f529f,0.007,,,
1139,2026-04-27,SZ002179,0.004253229591995478,EXP_XGBModel_Alpha158_csi300_custom_step0_s_20260427_14,696d1306e9a445d2ab194dec149f529f,0.007,,,
1140,2026-04-27,SZ002230,0.02288595773279667,EXP_XGBModel_Alpha158_csi300_custom_step0_s_20260427_14,696d1306e9a445d2ab194dec149f529f,0.007,,,
1141,2026-04-27,SZ002236,0.007741300854831934,EXP_XGBModel_Alpha158_csi300_custom_step0_s_20260427_14,696d1306e9a445d2ab194dec149f529f,0.007,,,
1142,2026-04-27,SZ002241,0.014766965061426163,EXP_XGBModel_Alpha158_csi300_custom_step0_s_20260427_14,696d1306e9a445d2ab194dec149f529f,0.007,,,
1143,2026-04-27,SZ002252,-0.07213309407234192,EXP_XGBModel_Alpha158_csi300_custom_step0_s_20260427_14,696d1306e9a445d2ab194dec149f529f,0.007,,,
1144,2026-04-27,SZ002304,-0.027999630197882652,EXP_XGBModel_Alpha158_csi300_custom_step0_s_20260427_14,696d1306e9a445d2ab194dec149f529f,0.007,,,
1145,2026-04-27,SZ002311,-0.059920527040958405,EXP_XGBModel_Alpha158_csi300_custom_step0_s_20260427_14,696d1306e9a445d2ab194dec149f529f,0.007,,,
1146,2026-04-27,SZ002028,-0.0332002229988575,EXP_XGBModel_Alpha158_csi300_custom_step0_s_20260427_14,696d1306e9a445d2ab194dec149f529f,0.007,,,
1147,2026-04-27,SZ002352,-0.007870670408010483,EXP_XGBModel_Alpha158_csi300_custom_step0_s_20260427_14,696d1306e9a445d2ab194dec149f529f,0.007,,,
1148,2026-04-27,SZ000858,-0.08781373500823975,EXP_XGBModel_Alpha158_csi300_custom_step0_s_20260427_14,696d1306e9a445d2ab194dec149f529f,0.007,,,
1149,2026-04-27,SZ000792,0.0040892260149121284,EXP_XGBModel_Alpha158_csi300_custom_step0_s_20260427_14,696d1306e9a445d2ab194dec149f529f,0.007,,,
1150,2026-04-27,SZ000001,-0.11859804391860962,EXP_XGBModel_Alpha158_csi300_custom_step0_s_20260427_14,696d1306e9a445d2ab194dec149f529f,0.007,,,
1151,2026-04-27,SZ000002,0.020595582202076912,EXP_XGBModel_Alpha158_csi300_custom_step0_s_20260427_14,696d1306e9a445d2ab194dec149f529f,0.007,,,
1152,2026-04-27,SZ000063,0.1147213727235794,EXP_XGBModel_Alpha158_csi300_custom_step0_s_20260427_14,696d1306e9a445d2ab194dec149f529f,0.007,,,
1153,2026-04-27,SZ000100,-0.027157625183463097,EXP_XGBModel_Alpha158_csi300_custom_step0_s_20260427_14,696d1306e9a445d2ab194dec149f529f,0.007,,,
1154,2026-04-27,SZ000157,-0.07480110228061676,EXP_XGBModel_Alpha158_csi300_custom_step0_s_20260427_14,696d1306e9a445d2ab194dec149f529f,0.007,,,
1155,2026-04-27,SZ000166,-0.08221759647130966,EXP_XGBModel_Alpha158_csi300_custom_step0_s_20260427_14,696d1306e9a445d2ab194dec149f529f,0.007,,,
1156,2026-04-27,SZ000301,0.034180451184511185,EXP_XGBModel_Alpha158_csi300_custom_step0_s_20260427_14,696d1306e9a445d2ab194dec149f529f,0.007,,,
1157,2026-04-27,SZ000333,0.027082864195108414,EXP_XGBModel_Alpha158_csi300_custom_step0_s_20260427_14,696d1306e9a445d2ab194dec149f529f,0.007,,,
1158,2026-04-27,SZ000338,0.19368524849414825,EXP_XGBModel_Alpha158_csi300_custom_step0_s_20260427_14,696d1306e9a445d2ab194dec149f529f,0.007,,,
1159,2026-04-27,SZ000408,-0.01097785122692585,EXP_XGBModel_Alpha158_csi300_custom_step0_s_20260427_14,696d1306e9a445d2ab194dec149f529f,0.007,,,
1160,2026-04-27,SZ000425,-0.0347718745470047,EXP_XGBModel_Alpha158_csi300_custom_step0_s_20260427_14,696d1306e9a445d2ab194dec149f529f,0.007,,,
1161,2026-04-27,SZ000807,0.0007442269125021994,EXP_XGBModel_Alpha158_csi300_custom_step0_s_20260427_14,696d1306e9a445d2ab194dec149f529f,0.007,,,
1162,2026-04-27,SZ000538,-0.06703213602304459,EXP_XGBModel_Alpha158_csi300_custom_step0_s_20260427_14,696d1306e9a445d2ab194dec149f529f,0.007,,,
1163,2026-04-27,SZ000596,-0.016834944486618042,EXP_XGBModel_Alpha158_csi300_custom_step0_s_20260427_14,696d1306e9a445d2ab194dec149f529f,0.007,,,
1164,2026-04-27,SZ000617,-0.0414125993847847,EXP_XGBModel_Alpha158_csi300_custom_step0_s_20260427_14,696d1306e9a445d2ab194dec149f529f,0.007,,,
1165,2026-04-27,SZ000625,-0.08326312899589539,EXP_XGBModel_Alpha158_csi300_custom_step0_s_20260427_14,696d1306e9a445d2ab194dec149f529f,0.007,,,
1166,2026-04-27,SZ000630,0.04946582391858101,EXP_XGBModel_Alpha158_csi300_custom_step0_s_20260427_14,696d1306e9a445d2ab194dec149f529f,0.007,,,
1167,2026-04-27,SZ000651,-0.02308354526758194,EXP_XGBModel_Alpha158_csi300_custom_step0_s_20260427_14,696d1306e9a445d2ab194dec149f529f,0.007,,,
1168,2026-04-27,SZ000661,-0.04285462573170662,EXP_XGBModel_Alpha158_csi300_custom_step0_s_20260427_14,696d1306e9a445d2ab194dec149f529f,0.007,,,
1169,2026-04-27,SZ000708,0.07110708951950073,EXP_XGBModel_Alpha158_csi300_custom_step0_s_20260427_14,696d1306e9a445d2ab194dec149f529f,0.007,,,
1170,2026-04-27,SZ000725,0.023778438568115234,EXP_XGBModel_Alpha158_csi300_custom_step0_s_20260427_14,696d1306e9a445d2ab194dec149f529f,0.007,,,
1171,2026-04-27,SZ000768,-0.027589088305830956,EXP_XGBModel_Alpha158_csi300_custom_step0_s_20260427_14,696d1306e9a445d2ab194dec149f529f,0.007,,,
1172,2026-04-27,SZ000776,0.019063012674450874,EXP_XGBModel_Alpha158_csi300_custom_step0_s_20260427_14,696d1306e9a445d2ab194dec149f529f,0.007,,,
1173,2026-04-27,SZ000786,0.02029590681195259,EXP_XGBModel_Alpha158_csi300_custom_step0_s_20260427_14,696d1306e9a445d2ab194dec149f529f,0.007,,,
1174,2026-04-27,SZ000568,-0.04933154955506325,EXP_XGBModel_Alpha158_csi300_custom_step0_s_20260427_14,696d1306e9a445d2ab194dec149f529f,0.007,,,
1175,2026-04-27,SH688981,0.028971968218684196,EXP_XGBModel_Alpha158_csi300_custom_step0_s_20260427_14,696d1306e9a445d2ab194dec149f529f,0.007,,,
1176,2026-04-27,SZ002371,0.07126600295305252,EXP_XGBModel_Alpha158_csi300_custom_step0_s_20260427_14,696d1306e9a445d2ab194dec149f529f,0.007,,,
1177,2026-04-27,SZ002415,0.02550373412668705,EXP_XGBModel_Alpha158_csi300_custom_step0_s_20260427_14,696d1306e9a445d2ab194dec149f529f,0.007,,,
1178,2026-04-27,SZ300316,0.007607164792716503,EXP_XGBModel_Alpha158_csi300_custom_step0_s_20260427_14,696d1306e9a445d2ab194dec149f529f,0.007,,,
1179,2026-04-27,SZ300347,0.04138413816690445,EXP_XGBModel_Alpha158_csi300_custom_step0_s_20260427_14,696d1306e9a445d2ab194dec149f529f,0.007,,,
1180,2026-04-27,SZ300394,0.22713427245616913,EXP_XGBModel_Alpha158_csi300_custom_step0_s_20260427_14,696d1306e9a445d2ab194dec149f529f,0.007,,,
1181,2026-04-27,SZ300408,-0.23410789668560028,EXP_XGBModel_Alpha158_csi300_custom_step0_s_20260427_14,696d1306e9a445d2ab194dec149f529f,0.007,,,
1182,2026-04-27,SZ300413,0.019542952999472618,EXP_XGBModel_Alpha158_csi300_custom_step0_s_20260427_14,696d1306e9a445d2ab194dec149f529f,0.007,,,
1183,2026-04-27,SZ300418,0.0032325831707566977,EXP_XGBModel_Alpha158_csi300_custom_step0_s_20260427_14,696d1306e9a445d2ab194dec149f529f,0.007,,,
1184,2026-04-27,SZ300433,0.022091025486588478,EXP_XGBModel_Alpha158_csi300_custom_step0_s_20260427_14,696d1306e9a445d2ab194dec149f529f,0.007,,,
1185,2026-04-27,SZ300442,0.04272502660751343,EXP_XGBModel_Alpha158_csi300_custom_step0_s_20260427_14,696d1306e9a445d2ab194dec149f529f,0.007,,,
1186,2026-04-27,SZ300476,0.13592994213104248,EXP_XGBModel_Alpha158_csi300_custom_step0_s_20260427_14,696d1306e9a445d2ab194dec149f529f,0.007,,,
1187,2026-04-27,SZ300498,-0.055217284709215164,EXP_XGBModel_Alpha158_csi300_custom_step0_s_20260427_14,696d1306e9a445d2ab194dec149f529f,0.007,,,
1188,2026-04-27,SZ300502,0.08533871918916702,EXP_XGBModel_Alpha158_csi300_custom_step0_s_20260427_14,696d1306e9a445d2ab194dec149f529f,0.007,,,
1189,2026-04-27,SZ300308,-0.06170930340886116,EXP_XGBModel_Alpha158_csi300_custom_step0_s_20260427_14,696d1306e9a445d2ab194dec149f529f,0.007,,,
1190,2026-04-27,SZ300628,-0.0032233442179858685,EXP_XGBModel_Alpha158_csi300_custom_step0_s_20260427_14,696d1306e9a445d2ab194dec149f529f,0.007,,,
1191,2026-04-27,SZ300750,0.0416044220328331,EXP_XGBModel_Alpha158_csi300_custom_step0_s_20260427_14,696d1306e9a445d2ab194dec149f529f,0.007,,,
1192,2026-04-27,SZ300759,0.013252191245555878,EXP_XGBModel_Alpha158_csi300_custom_step0_s_20260427_14,696d1306e9a445d2ab194dec149f529f,0.007,,,
1193,2026-04-27,SZ300760,-0.06455018371343613,EXP_XGBModel_Alpha158_csi300_custom_step0_s_20260427_14,696d1306e9a445d2ab194dec149f529f,0.007,,,
1194,2026-04-27,SZ300782,0.2876932919025421,EXP_XGBModel_Alpha158_csi300_custom_step0_s_20260427_14,696d1306e9a445d2ab194dec149f529f,0.007,,,
1195,2026-04-27,SZ300803,-0.0003340244584251195,EXP_XGBModel_Alpha158_csi300_custom_step0_s_20260427_14,696d1306e9a445d2ab194dec149f529f,0.007,,,
1196,2026-04-27,SZ300832,-0.05695435777306557,EXP_XGBModel_Alpha158_csi300_custom_step0_s_20260427_14,696d1306e9a445d2ab194dec149f529f,0.007,,,
1197,2026-04-27,SZ300866,-0.0681743398308754,EXP_XGBModel_Alpha158_csi300_custom_step0_s_20260427_14,696d1306e9a445d2ab194dec149f529f,0.007,,,
1198,2026-04-27,SZ300896,0.062490299344062805,EXP_XGBModel_Alpha158_csi300_custom_step0_s_20260427_14,696d1306e9a445d2ab194dec149f529f,0.007,,,
1199,2026-04-27,SZ300979,-0.03247985243797302,EXP_XGBModel_Alpha158_csi300_custom_step0_s_20260427_14,696d1306e9a445d2ab194dec149f529f,0.007,,,
1200,2026-04-27,SZ300999,-0.010427095927298069,EXP_XGBModel_Alpha158_csi300_custom_step0_s_20260427_14,696d1306e9a445d2ab194dec149f529f,0.007,,,
1201,2026-04-27,SZ301236,-0.18251095712184906,EXP_XGBModel_Alpha158_csi300_custom_step0_s_20260427_14,696d1306e9a445d2ab194dec149f529f,0.007,,,
1202,2026-04-27,SZ300661,0.19917544722557068,EXP_XGBModel_Alpha158_csi300_custom_step0_s_20260427_14,696d1306e9a445d2ab194dec149f529f,0.007,,,
1203,2026-04-27,SZ002384,-0.011159426532685757,EXP_XGBModel_Alpha158_csi300_custom_step0_s_20260427_14,696d1306e9a445d2ab194dec149f529f,0.007,,,
1204,2026-04-27,SZ300274,0.2284313440322876,EXP_XGBModel_Alpha158_csi300_custom_step0_s_20260427_14,696d1306e9a445d2ab194dec149f529f,0.007,,,
1205,2026-04-27,SZ300124,-0.013873102143406868,EXP_XGBModel_Alpha158_csi300_custom_step0_s_20260427_14,696d1306e9a445d2ab194dec149f529f,0.007,,,
1206,2026-04-27,SZ002422,-0.005742804147303104,EXP_XGBModel_Alpha158_csi300_custom_step0_s_20260427_14,696d1306e9a445d2ab194dec149f529f,0.007,,,
1207,2026-04-27,SZ002459,0.05098816007375717,EXP_XGBModel_Alpha158_csi300_custom_step0_s_20260427_14,696d1306e9a445d2ab194dec149f529f,0.007,,,
1208,2026-04-27,SZ002460,0.19551409780979156,EXP_XGBModel_Alpha158_csi300_custom_step0_s_20260427_14,696d1306e9a445d2ab194dec149f529f,0.007,,,
1209,2026-04-27,SZ002463,-0.025902828201651573,EXP_XGBModel_Alpha158_csi300_custom_step0_s_20260427_14,696d1306e9a445d2ab194dec149f529f,0.007,,,
1210,2026-04-27,SZ002466,-0.0549212209880352,EXP_XGBModel_Alpha158_csi300_custom_step0_s_20260427_14,696d1306e9a445d2ab194dec149f529f,0.007,,,
1211,2026-04-27,SZ002475,0.15776993334293365,EXP_XGBModel_Alpha158_csi300_custom_step0_s_20260427_14,696d1306e9a445d2ab194dec149f529f,0.007,,,
1212,2026-04-27,SZ002493,-0.0068902261555194855,EXP_XGBModel_Alpha158_csi300_custom_step0_s_20260427_14,696d1306e9a445d2ab194dec149f529f,0.007,,,
1213,2026-04-27,SZ002594,0.00596873601898551,EXP_XGBModel_Alpha158_csi300_custom_step0_s_20260427_14,696d1306e9a445d2ab194dec149f529f,0.007,,,
1214,2026-04-27,SZ002600,-0.015904145315289497,EXP_XGBModel_Alpha158_csi300_custom_step0_s_20260427_14,696d1306e9a445d2ab194dec149f529f,0.007,,,
1215,2026-04-27,SZ002601,0.005182367283850908,EXP_XGBModel_Alpha158_csi300_custom_step0_s_20260427_14,696d1306e9a445d2ab194dec149f529f,0.007,,,
1216,2026-04-27,SZ002625,-0.012070771306753159,EXP_XGBModel_Alpha158_csi300_custom_step0_s_20260427_14,696d1306e9a445d2ab194dec149f529f,0.007,,,
1217,2026-04-27,SZ300251,0.22213587164878845,EXP_XGBModel_Alpha158_csi300_custom_step0_s_20260427_14,696d1306e9a445d2ab194dec149f529f,0.007,,,
1218,2026-04-27,SZ002648,0.04792610928416252,EXP_XGBModel_Alpha158_csi300_custom_step0_s_20260427_14,696d1306e9a445d2ab194dec149f529f,0.007,,,
1219,2026-04-27,SZ002714,-0.05150189250707626,EXP_XGBModel_Alpha158_csi300_custom_step0_s_20260427_14,696d1306e9a445d2ab194dec149f529f,0.007,,,
1220,2026-04-27,SZ002736,-0.05715131759643555,EXP_XGBModel_Alpha158_csi300_custom_step0_s_20260427_14,696d1306e9a445d2ab194dec149f529f,0.007,,,
1221,2026-04-27,SZ002916,0.15372838079929352,EXP_XGBModel_Alpha158_csi300_custom_step0_s_20260427_14,696d1306e9a445d2ab194dec149f529f,0.007,,,
1222,2026-04-27,SZ002920,0.01108420267701149,EXP_XGBModel_Alpha158_csi300_custom_step0_s_20260427_14,696d1306e9a445d2ab194dec149f529f,0.007,,,
1223,2026-04-27,SZ002938,0.06364861130714417,EXP_XGBModel_Alpha158_csi300_custom_step0_s_20260427_14,696d1306e9a445d2ab194dec149f529f,0.007,,,
1224,2026-04-27,SZ003816,0.0009452946251258254,EXP_XGBModel_Alpha158_csi300_custom_step0_s_20260427_14,696d1306e9a445d2ab194dec149f529f,0.007,,,
1225,2026-04-27,SZ300014,0.007820374332368374,EXP_XGBModel_Alpha158_csi300_custom_step0_s_20260427_14,696d1306e9a445d2ab194dec149f529f,0.007,,,
1226,2026-04-27,SZ300015,-0.032390087842941284,EXP_XGBModel_Alpha158_csi300_custom_step0_s_20260427_14,696d1306e9a445d2ab194dec149f529f,0.007,,,
1227,2026-04-27,SZ300033,0.0744992271065712,EXP_XGBModel_Alpha158_csi300_custom_step0_s_20260427_14,696d1306e9a445d2ab194dec149f529f,0.007,,,
1228,2026-04-27,SZ300059,0.013843023218214512,EXP_XGBModel_Alpha158_csi300_custom_step0_s_20260427_14,696d1306e9a445d2ab194dec149f529f,0.007,,,
1229,2026-04-27,SZ300122,0.005065451841801405,EXP_XGBModel_Alpha158_csi300_custom_step0_s_20260427_14,696d1306e9a445d2ab194dec149f529f,0.007,,,
1230,2026-04-27,SZ002709,0.013700945302844048,EXP_XGBModel_Alpha158_csi300_custom_step0_s_20260427_14,696d1306e9a445d2ab194dec149f529f,0.007,,,
1231,2026-04-27,SH600919,0.01639671064913273,EXP_XGBModel_Alpha158_csi300_custom_step0_s_20260427_14,696d1306e9a445d2ab194dec149f529f,0.007,,,
1232,2026-04-27,SH688506,0.0054831537418067455,EXP_XGBModel_Alpha158_csi300_custom_step0_s_20260427_14,696d1306e9a445d2ab194dec149f529f,0.007,,,
1233,2026-04-27,SH688396,-0.3067479729652405,EXP_XGBModel_Alpha158_csi300_custom_step0_s_20260427_14,696d1306e9a445d2ab194dec149f529f,0.007,,,
1234,2026-04-27,SH601238,-0.028153028339147568,EXP_XGBModel_Alpha158_csi300_custom_step0_s_20260427_14,696d1306e9a445d2ab194dec149f529f,0.007,,,
1235,2026-04-27,SH601288,0.006176935974508524,EXP_XGBModel_Alpha158_csi300_custom_step0_s_20260427_14,696d1306e9a445d2ab194dec149f529f,0.007,,,
1236,2026-04-27,SH601298,-0.024787472561001778,EXP_XGBModel_Alpha158_csi300_custom_step0_s_20260427_14,696d1306e9a445d2ab194dec149f529f,0.007,,,
1237,2026-04-27,SH601318,-0.02055477537214756,EXP_XGBModel_Alpha158_csi300_custom_step0_s_20260427_14,696d1306e9a445d2ab194dec149f529f,0.007,,,
1238,2026-04-27,SH601319,0.025043031200766563,EXP_XGBModel_Alpha158_csi300_custom_step0_s_20260427_14,696d1306e9a445d2ab194dec149f529f,0.007,,,
1239,2026-04-27,SH601328,0.004771762527525425,EXP_XGBModel_Alpha158_csi300_custom_step0_s_20260427_14,696d1306e9a445d2ab194dec149f529f,0.007,,,
1240,2026-04-27,SH601336,0.002653495641425252,EXP_XGBModel_Alpha158_csi300_custom_step0_s_20260427_14,696d1306e9a445d2ab194dec149f529f,0.007,,,
1241,2026-04-27,SH601360,0.0190376415848732,EXP_XGBModel_Alpha158_csi300_custom_step0_s_20260427_14,696d1306e9a445d2ab194dec149f529f,0.007,,,
1242,2026-04-27,SH601377,-0.006689962465316057,EXP_XGBModel_Alpha158_csi300_custom_step0_s_20260427_14,696d1306e9a445d2ab194dec149f529f,0.007,,,
1243,2026-04-27,SH601390,-0.003926422912627459,EXP_XGBModel_Alpha158_csi300_custom_step0_s_20260427_14,696d1306e9a445d2ab194dec149f529f,0.007,,,
1244,2026-04-27,SH601398,0.008272210136055946,EXP_XGBModel_Alpha158_csi300_custom_step0_s_20260427_14,696d1306e9a445d2ab194dec149f529f,0.007,,,
1245,2026-04-27,SH601236,-0.013137822039425373,EXP_XGBModel_Alpha158_csi300_custom_step0_s_20260427_14,696d1306e9a445d2ab194dec149f529f,0.007,,,
1246,2026-04-27,SH601456,-0.023566192016005516,EXP_XGBModel_Alpha158_csi300_custom_step0_s_20260427_14,696d1306e9a445d2ab194dec149f529f,0.007,,,
1247,2026-04-27,SH601601,-0.06856797635555267,EXP_XGBModel_Alpha158_csi300_custom_step0_s_20260427_14,696d1306e9a445d2ab194dec149f529f,0.007,,,
1248,2026-04-27,SH601607,-0.009352196007966995,EXP_XGBModel_Alpha158_csi300_custom_step0_s_20260427_14,696d1306e9a445d2ab194dec149f529f,0.007,,,
1249,2026-04-27,SH601618,-0.004771091043949127,EXP_XGBModel_Alpha158_csi300_custom_step0_s_20260427_14,696d1306e9a445d2ab194dec149f529f,0.007,,,
1250,2026-04-27,SH601628,0.05245543643832207,EXP_XGBModel_Alpha158_csi300_custom_step0_s_20260427_14,696d1306e9a445d2ab194dec149f529f,0.007,,,
1251,2026-04-27,SH601633,-0.0035311593674123287,EXP_XGBModel_Alpha158_csi300_custom_step0_s_20260427_14,696d1306e9a445d2ab194dec149f529f,0.007,,,
1252,2026-04-27,SH601658,0.0017010071314871311,EXP_XGBModel_Alpha158_csi300_custom_step0_s_20260427_14,696d1306e9a445d2ab194dec149f529f,0.007,,,
1253,2026-04-27,SH601668,-0.038072165101766586,EXP_XGBModel_Alpha158_csi300_custom_step0_s_20260427_14,696d1306e9a445d2ab194dec149f529f,0.007,,,
1254,2026-04-27,SH601669,0.05229470878839493,EXP_XGBModel_Alpha158_csi300_custom_step0_s_20260427_14,696d1306e9a445d2ab194dec149f529f,0.007,,,
1255,2026-04-27,SH601688,-0.00942313764244318,EXP_XGBModel_Alpha158_csi300_custom_step0_s_20260427_14,696d1306e9a445d2ab194dec149f529f,0.007,,,
1256,2026-04-27,SH601689,0.0031196866184473038,EXP_XGBModel_Alpha158_csi300_custom_step0_s_20260427_14,696d1306e9a445d2ab194dec149f529f,0.007,,,
1257,2026-04-27,SH601698,0.054187580943107605,EXP_XGBModel_Alpha158_csi300_custom_step0_s_20260427_14,696d1306e9a445d2ab194dec149f529f,0.007,,,
1258,2026-04-27,SH601600,0.012151306495070457,EXP_XGBModel_Alpha158_csi300_custom_step0_s_20260427_14,696d1306e9a445d2ab194dec149f529f,0.007,,,
1259,2026-04-27,SH601728,-0.025274885818362236,EXP_XGBModel_Alpha158_csi300_custom_step0_s_20260427_14,696d1306e9a445d2ab194dec149f529f,0.007,,,
1260,2026-04-27,SH601229,-0.05981200933456421,EXP_XGBModel_Alpha158_csi300_custom_step0_s_20260427_14,696d1306e9a445d2ab194dec149f529f,0.007,,,
1261,2026-04-27,SH601211,-0.12996545433998108,EXP_XGBModel_Alpha158_csi300_custom_step0_s_20260427_14,696d1306e9a445d2ab194dec149f529f,0.007,,,
1262,2026-04-27,SH600930,-0.05002909526228905,EXP_XGBModel_Alpha158_csi300_custom_step0_s_20260427_14,696d1306e9a445d2ab194dec149f529f,0.007,,,
1263,2026-04-27,SH600938,-0.015813536942005157,EXP_XGBModel_Alpha158_csi300_custom_step0_s_20260427_14,696d1306e9a445d2ab194dec149f529f,0.007,,,
1264,2026-04-27,SH600941,-0.02415996417403221,EXP_XGBModel_Alpha158_csi300_custom_step0_s_20260427_14,696d1306e9a445d2ab194dec149f529f,0.007,,,
1265,2026-04-27,SH600989,0.015404444187879562,EXP_XGBModel_Alpha158_csi300_custom_step0_s_20260427_14,696d1306e9a445d2ab194dec149f529f,0.007,,,
1266,2026-04-27,SH600999,0.07154043018817902,EXP_XGBModel_Alpha158_csi300_custom_step0_s_20260427_14,696d1306e9a445d2ab194dec149f529f,0.007,,,
1267,2026-04-27,SH601006,-0.012408928014338017,EXP_XGBModel_Alpha158_csi300_custom_step0_s_20260427_14,696d1306e9a445d2ab194dec149f529f,0.007,,,
1268,2026-04-27,SH601009,-0.00749026658013463,EXP_XGBModel_Alpha158_csi300_custom_step0_s_20260427_14,696d1306e9a445d2ab194dec149f529f,0.007,,,
1269,2026-04-27,SH601012,-0.0060035777278244495,EXP_XGBModel_Alpha158_csi300_custom_step0_s_20260427_14,696d1306e9a445d2ab194dec149f529f,0.007,,,
1270,2026-04-27,SH601018,-0.026245342567563057,EXP_XGBModel_Alpha158_csi300_custom_step0_s_20260427_14,696d1306e9a445d2ab194dec149f529f,0.007,,,
1271,2026-04-27,SH601021,-0.006191000808030367,EXP_XGBModel_Alpha158_csi300_custom_step0_s_20260427_14,696d1306e9a445d2ab194dec149f529f,0.007,,,
1272,2026-04-27,SH601058,-0.014714600518345833,EXP_XGBModel_Alpha158_csi300_custom_step0_s_20260427_14,696d1306e9a445d2ab194dec149f529f,0.007,,,
1273,2026-04-27,SH601225,-0.02773856557905674,EXP_XGBModel_Alpha158_csi300_custom_step0_s_20260427_14,696d1306e9a445d2ab194dec149f529f,0.007,,,
1274,2026-04-27,SH601059,-0.001869908650405705,EXP_XGBModel_Alpha158_csi300_custom_step0_s_20260427_14,696d1306e9a445d2ab194dec149f529f,0.007,,,
1275,2026-04-27,SH601077,0.010780328884720802,EXP_XGBModel_Alpha158_csi300_custom_step0_s_20260427_14,696d1306e9a445d2ab194dec149f529f,0.007,,,
1276,2026-04-27,SH601088,-0.009142051450908184,EXP_XGBModel_Alpha158_csi300_custom_step0_s_20260427_14,696d1306e9a445d2ab194dec149f529f,0.007,,,
1277,2026-04-27,SH601100,0.01726931519806385,EXP_XGBModel_Alpha158_csi300_custom_step0_s_20260427_14,696d1306e9a445d2ab194dec149f529f,0.007,,,
1278,2026-04-27,SH601111,-0.013453824445605278,EXP_XGBModel_Alpha158_csi300_custom_step0_s_20260427_14,696d1306e9a445d2ab194dec149f529f,0.007,,,
1279,2026-04-27,SH601117,-0.011039947159588337,EXP_XGBModel_Alpha158_csi300_custom_step0_s_20260427_14,696d1306e9a445d2ab194dec149f529f,0.007,,,
1280,2026-04-27,SH601127,-0.02856587991118431,EXP_XGBModel_Alpha158_csi300_custom_step0_s_20260427_14,696d1306e9a445d2ab194dec149f529f,0.007,,,
1281,2026-04-27,SH601136,-0.058009885251522064,EXP_XGBModel_Alpha158_csi300_custom_step0_s_20260427_14,696d1306e9a445d2ab194dec149f529f,0.007,,,
1282,2026-04-27,SH601138,0.1370222568511963,EXP_XGBModel_Alpha158_csi300_custom_step0_s_20260427_14,696d1306e9a445d2ab194dec149f529f,0.007,,,
1283,2026-04-27,SH601166,-0.046174246817827225,EXP_XGBModel_Alpha158_csi300_custom_step0_s_20260427_14,696d1306e9a445d2ab194dec149f529f,0.007,,,
1284,2026-04-27,SH601169,-0.01647038571536541,EXP_XGBModel_Alpha158_csi300_custom_step0_s_20260427_14,696d1306e9a445d2ab194dec149f529f,0.007,,,
1285,2026-04-27,SH601186,-0.020425310358405113,EXP_XGBModel_Alpha158_csi300_custom_step0_s_20260427_14,696d1306e9a445d2ab194dec149f529f,0.007,,,
1286,2026-04-27,SH601066,-0.0004026581591460854,EXP_XGBModel_Alpha158_csi300_custom_step0_s_20260427_14,696d1306e9a445d2ab194dec149f529f,0.007,,,
1287,2026-04-27,SH688472,0.01645880751311779,EXP_XGBModel_Alpha158_csi300_custom_step0_s_20260427_14,696d1306e9a445d2ab194dec149f529f,0.007,,,
1288,2026-04-27,SH601766,-0.06990863382816315,EXP_XGBModel_Alpha158_csi300_custom_step0_s_20260427_14,696d1306e9a445d2ab194dec149f529f,0.007,,,
1289,2026-04-27,SH601800,-0.04016416147351265,EXP_XGBModel_Alpha158_csi300_custom_step0_s_20260427_14,696d1306e9a445d2ab194dec149f529f,0.007,,,
1290,2026-04-27,SH603369,-0.06924924999475479,EXP_XGBModel_Alpha158_csi300_custom_step0_s_20260427_14,696d1306e9a445d2ab194dec149f529f,0.007,,,
1291,2026-04-27,SH603392,-0.02902332879602909,EXP_XGBModel_Alpha158_csi300_custom_step0_s_20260427_14,696d1306e9a445d2ab194dec149f529f,0.007,,,
1292,2026-04-27,SH603501,-0.12053626775741577,EXP_XGBModel_Alpha158_csi300_custom_step0_s_20260427_14,696d1306e9a445d2ab194dec149f529f,0.007,,,
1293,2026-04-27,SH603799,0.019802821800112724,EXP_XGBModel_Alpha158_csi300_custom_step0_s_20260427_14,696d1306e9a445d2ab194dec149f529f,0.007,,,
1294,2026-04-27,SH603893,0.14766475558280945,EXP_XGBModel_Alpha158_csi300_custom_step0_s_20260427_14,696d1306e9a445d2ab194dec149f529f,0.007,,,
1295,2026-04-27,SH603986,0.13477016985416412,EXP_XGBModel_Alpha158_csi300_custom_step0_s_20260427_14,696d1306e9a445d2ab194dec149f529f,0.007,,,
1296,2026-04-27,SH603993,-0.05954695865511894,EXP_XGBModel_Alpha158_csi300_custom_step0_s_20260427_14,696d1306e9a445d2ab194dec149f529f,0.007,,,
1297,2026-04-27,SH605117,0.15826280415058136,EXP_XGBModel_Alpha158_csi300_custom_step0_s_20260427_14,696d1306e9a445d2ab194dec149f529f,0.007,,,
1298,2026-04-27,SH605499,0.05563054606318474,EXP_XGBModel_Alpha158_csi300_custom_step0_s_20260427_14,696d1306e9a445d2ab194dec149f529f,0.007,,,
1299,2026-04-27,SH688008,-0.18728530406951904,EXP_XGBModel_Alpha158_csi300_custom_step0_s_20260427_14,696d1306e9a445d2ab194dec149f529f,0.007,,,
1300,2026-04-27,SH688009,-0.05594572052359581,EXP_XGBModel_Alpha158_csi300_custom_step0_s_20260427_14,696d1306e9a445d2ab194dec149f529f,0.007,,,
1301,2026-04-27,SH603296,-0.03752688691020012,EXP_XGBModel_Alpha158_csi300_custom_step0_s_20260427_14,696d1306e9a445d2ab194dec149f529f,0.007,,,
1302,2026-04-27,SH688012,-0.02878660149872303,EXP_XGBModel_Alpha158_csi300_custom_step0_s_20260427_14,696d1306e9a445d2ab194dec149f529f,0.007,,,
1303,2026-04-27,SH688041,-0.017558442428708076,EXP_XGBModel_Alpha158_csi300_custom_step0_s_20260427_14,696d1306e9a445d2ab194dec149f529f,0.007,,,
1304,2026-04-27,SH688047,-0.05314938351511955,EXP_XGBModel_Alpha158_csi300_custom_step0_s_20260427_14,696d1306e9a445d2ab194dec149f529f,0.007,,,
1305,2026-04-27,SH688082,0.05417920649051666,EXP_XGBModel_Alpha158_csi300_custom_step0_s_20260427_14,696d1306e9a445d2ab194dec149f529f,0.007,,,
1306,2026-04-27,SH688111,0.07050065696239471,EXP_XGBModel_Alpha158_csi300_custom_step0_s_20260427_14,696d1306e9a445d2ab194dec149f529f,0.007,,,
1307,2026-04-27,SH688126,0.0077482848428189754,EXP_XGBModel_Alpha158_csi300_custom_step0_s_20260427_14,696d1306e9a445d2ab194dec149f529f,0.007,,,
1308,2026-04-27,SH688169,-0.03718613088130951,EXP_XGBModel_Alpha158_csi300_custom_step0_s_20260427_14,696d1306e9a445d2ab194dec149f529f,0.007,,,
1309,2026-04-27,SH688187,-0.03710409998893738,EXP_XGBModel_Alpha158_csi300_custom_step0_s_20260427_14,696d1306e9a445d2ab194dec149f529f,0.007,,,
1310,2026-04-27,SH688223,0.1432533860206604,EXP_XGBModel_Alpha158_csi300_custom_step0_s_20260427_14,696d1306e9a445d2ab194dec149f529f,0.007,,,
1311,2026-04-27,SH688256,0.45055046677589417,EXP_XGBModel_Alpha158_csi300_custom_step0_s_20260427_14,696d1306e9a445d2ab194dec149f529f,0.007,,,
1312,2026-04-27,SH688271,0.019725697115063667,EXP_XGBModel_Alpha158_csi300_custom_step0_s_20260427_14,696d1306e9a445d2ab194dec149f529f,0.007,,,
1313,2026-04-27,SH688303,0.02108519896864891,EXP_XGBModel_Alpha158_csi300_custom_step0_s_20260427_14,696d1306e9a445d2ab194dec149f529f,0.007,,,
1314,2026-04-27,SH688036,-0.09261923283338547,EXP_XGBModel_Alpha158_csi300_custom_step0_s_20260427_14,696d1306e9a445d2ab194dec149f529f,0.007,,,
1315,2026-04-27,SH601788,-0.10628009587526321,EXP_XGBModel_Alpha158_csi300_custom_step0_s_20260427_14,696d1306e9a445d2ab194dec149f529f,0.007,,,
1316,2026-04-27,SH603288,0.021622655913233757,EXP_XGBModel_Alpha158_csi300_custom_step0_s_20260427_14,696d1306e9a445d2ab194dec149f529f,0.007,,,
1317,2026-04-27,SH603259,0.04193046689033508,EXP_XGBModel_Alpha158_csi300_custom_step0_s_20260427_14,696d1306e9a445d2ab194dec149f529f,0.007,,,
1318,2026-04-27,SH601808,-0.05876423418521881,EXP_XGBModel_Alpha158_csi300_custom_step0_s_20260427_14,696d1306e9a445d2ab194dec149f529f,0.007,,,
1319,2026-04-27,SH601816,-0.03801778703927994,EXP_XGBModel_Alpha158_csi300_custom_step0_s_20260427_14,696d1306e9a445d2ab194dec149f529f,0.007,,,
1320,2026-04-27,SH601818,-0.005142322275787592,EXP_XGBModel_Alpha158_csi300_custom_step0_s_20260427_14,696d1306e9a445d2ab194dec149f529f,0.007,,,
1321,2026-04-27,SH601825,0.005591690540313721,EXP_XGBModel_Alpha158_csi300_custom_step0_s_20260427_14,696d1306e9a445d2ab194dec149f529f,0.007,,,
1322,2026-04-27,SH601838,-0.003652650397270918,EXP_XGBModel_Alpha158_csi300_custom_step0_s_20260427_14,696d1306e9a445d2ab194dec149f529f,0.007,,,
1323,2026-04-27,SH601857,-0.012118851765990257,EXP_XGBModel_Alpha158_csi300_custom_step0_s_20260427_14,696d1306e9a445d2ab194dec149f529f,0.007,,,
1324,2026-04-27,SH601868,-0.01926201581954956,EXP_XGBModel_Alpha158_csi300_custom_step0_s_20260427_14,696d1306e9a445d2ab194dec149f529f,0.007,,,
1325,2026-04-27,SH601872,-0.04700715094804764,EXP_XGBModel_Alpha158_csi300_custom_step0_s_20260427_14,696d1306e9a445d2ab194dec149f529f,0.007,,,
1326,2026-04-27,SH601877,0.0010223720455542207,EXP_XGBModel_Alpha158_csi300_custom_step0_s_20260427_14,696d1306e9a445d2ab194dec149f529f,0.007,,,
1327,2026-04-27,SH601878,-0.061672650277614594,EXP_XGBModel_Alpha158_csi300_custom_step0_s_20260427_14,696d1306e9a445d2ab194dec149f529f,0.007,,,
1328,2026-04-27,SH601881,-0.04235294833779335,EXP_XGBModel_Alpha158_csi300_custom_step0_s_20260427_14,696d1306e9a445d2ab194dec149f529f,0.007,,,
1329,2026-04-27,SH603260,-0.05186215415596962,EXP_XGBModel_Alpha158_csi300_custom_step0_s_20260427_14,696d1306e9a445d2ab194dec149f529f,0.007,,,
1330,2026-04-27,SH601888,0.03463786467909813,EXP_XGBModel_Alpha158_csi300_custom_step0_s_20260427_14,696d1306e9a445d2ab194dec149f529f,0.007,,,
1331,2026-04-27,SH601899,-0.041457101702690125,EXP_XGBModel_Alpha158_csi300_custom_step0_s_20260427_14,696d1306e9a445d2ab194dec149f529f,0.007,,,
1332,2026-04-27,SH601901,-0.00459162937477231,EXP_XGBModel_Alpha158_csi300_custom_step0_s_20260427_14,696d1306e9a445d2ab194dec149f529f,0.007,,,
1333,2026-04-27,SH601916,-0.018146583810448647,EXP_XGBModel_Alpha158_csi300_custom_step0_s_20260427_14,696d1306e9a445d2ab194dec149f529f,0.007,,,
1334,2026-04-27,SH601919,-0.02211170271039009,EXP_XGBModel_Alpha158_csi300_custom_step0_s_20260427_14,696d1306e9a445d2ab194dec149f529f,0.007,,,
1335,2026-04-27,SH601939,0.004282393958419561,EXP_XGBModel_Alpha158_csi300_custom_step0_s_20260427_14,696d1306e9a445d2ab194dec149f529f,0.007,,,
1336,2026-04-27,SH601985,-0.021187007427215576,EXP_XGBModel_Alpha158_csi300_custom_step0_s_20260427_14,696d1306e9a445d2ab194dec149f529f,0.007,,,
1337,2026-04-27,SH601988,-0.0054297554306685925,EXP_XGBModel_Alpha158_csi300_custom_step0_s_20260427_14,696d1306e9a445d2ab194dec149f529f,0.007,,,
1338,2026-04-27,SH601995,-0.0010514002060517669,EXP_XGBModel_Alpha158_csi300_custom_step0_s_20260427_14,696d1306e9a445d2ab194dec149f529f,0.007,,,
1339,2026-04-27,SH601998,0.01154368370771408,EXP_XGBModel_Alpha158_csi300_custom_step0_s_20260427_14,696d1306e9a445d2ab194dec149f529f,0.007,,,
1340,2026-04-27,SH603019,-0.03925587609410286,EXP_XGBModel_Alpha158_csi300_custom_step0_s_20260427_14,696d1306e9a445d2ab194dec149f529f,0.007,,,
1341,2026-04-27,SH603195,-0.030531086027622223,EXP_XGBModel_Alpha158_csi300_custom_step0_s_20260427_14,696d1306e9a445d2ab194dec149f529f,0.007,,,
1342,2026-04-27,SH601898,0.012332862243056297,EXP_XGBModel_Alpha158_csi300_custom_step0_s_20260427_14,696d1306e9a445d2ab194dec149f529f,0.007,,,
1343,2026-04-27,SH601939,0.010314257815480232,EXP_XGBModel_Alpha158_csi300_custom_step0_s_20260427_14,74daf7769f1b4612b7a65e8b4d0b3909,0.162,,,
1344,2026-04-27,SH601919,-0.05638563632965088,EXP_XGBModel_Alpha158_csi300_custom_step0_s_20260427_14,74daf7769f1b4612b7a65e8b4d0b3909,0.162,,,
1345,2026-04-27,SH601916,0.012563887052237988,EXP_XGBModel_Alpha158_csi300_custom_step0_s_20260427_14,74daf7769f1b4612b7a65e8b4d0b3909,0.162,,,
1346,2026-04-27,SH601878,-0.0312392208725214,EXP_LinearModel_Alpha158_csi300_custom_step0_s_20260427_14,a2f8d66dca5146e0a3ed3dfec10a639f,0.136,,,
1347,2026-04-27,SH601881,-0.13855820894241333,EXP_LinearModel_Alpha158_csi300_custom_step0_s_20260427_14,a2f8d66dca5146e0a3ed3dfec10a639f,0.136,,,
1348,2026-04-27,SH601888,-0.05105994641780853,EXP_LinearModel_Alpha158_csi300_custom_step0_s_20260427_14,a2f8d66dca5146e0a3ed3dfec10a639f,0.136,,,
1349,2026-04-27,SH601898,0.14343379437923431,EXP_LinearModel_Alpha158_csi300_custom_step0_s_20260427_14,a2f8d66dca5146e0a3ed3dfec10a639f,0.136,,,
1350,2026-04-27,SH601899,0.04606294259428978,EXP_LinearModel_Alpha158_csi300_custom_step0_s_20260427_14,a2f8d66dca5146e0a3ed3dfec10a639f,0.136,,,
1351,2026-04-27,SH601901,-0.042014554142951965,EXP_LinearModel_Alpha158_csi300_custom_step0_s_20260427_14,a2f8d66dca5146e0a3ed3dfec10a639f,0.136,,,
1352,2026-04-27,SH601916,0.004132166504859924,EXP_LinearModel_Alpha158_csi300_custom_step0_s_20260427_14,a2f8d66dca5146e0a3ed3dfec10a639f,0.136,,,
1353,2026-04-27,SH601919,-0.11763809621334076,EXP_LinearModel_Alpha158_csi300_custom_step0_s_20260427_14,a2f8d66dca5146e0a3ed3dfec10a639f,0.136,,,
1354,2026-04-27,SH601939,-0.0015423595905303955,EXP_LinearModel_Alpha158_csi300_custom_step0_s_20260427_14,a2f8d66dca5146e0a3ed3dfec10a639f,0.136,,,
1355,2026-04-27,SH601985,0.01470489613711834,EXP_LinearModel_Alpha158_csi300_custom_step0_s_20260427_14,a2f8d66dca5146e0a3ed3dfec10a639f,0.136,,,
1356,2026-04-27,SH601988,0.005625753663480282,EXP_LinearModel_Alpha158_csi300_custom_step0_s_20260427_14,a2f8d66dca5146e0a3ed3dfec10a639f,0.136,,,
1357,2026-04-27,SH601877,0.04933707416057587,EXP_LinearModel_Alpha158_csi300_custom_step0_s_20260427_14,a2f8d66dca5146e0a3ed3dfec10a639f,0.136,,,
1358,2026-04-27,SH601995,0.06329084932804108,EXP_LinearModel_Alpha158_csi300_custom_step0_s_20260427_14,a2f8d66dca5146e0a3ed3dfec10a639f,0.136,,,
1359,2026-04-27,SH603019,-0.03801552206277847,EXP_LinearModel_Alpha158_csi300_custom_step0_s_20260427_14,a2f8d66dca5146e0a3ed3dfec10a639f,0.136,,,
1360,2026-04-27,SH603195,0.0027746325358748436,EXP_LinearModel_Alpha158_csi300_custom_step0_s_20260427_14,a2f8d66dca5146e0a3ed3dfec10a639f,0.136,,,
1361,2026-04-27,SH603259,0.05753718316555023,EXP_LinearModel_Alpha158_csi300_custom_step0_s_20260427_14,a2f8d66dca5146e0a3ed3dfec10a639f,0.136,,,
1362,2026-04-27,SH603260,-0.035522691905498505,EXP_LinearModel_Alpha158_csi300_custom_step0_s_20260427_14,a2f8d66dca5146e0a3ed3dfec10a639f,0.136,,,
1363,2026-04-27,SH603288,-0.060652412474155426,EXP_LinearModel_Alpha158_csi300_custom_step0_s_20260427_14,a2f8d66dca5146e0a3ed3dfec10a639f,0.136,,,
1364,2026-04-27,SH603296,-0.0036515584215521812,EXP_LinearModel_Alpha158_csi300_custom_step0_s_20260427_14,a2f8d66dca5146e0a3ed3dfec10a639f,0.136,,,
1365,2026-04-27,SH603369,-0.12458675354719162,EXP_LinearModel_Alpha158_csi300_custom_step0_s_20260427_14,a2f8d66dca5146e0a3ed3dfec10a639f,0.136,,,
1366,2026-04-27,SH603392,-0.013919197954237461,EXP_LinearModel_Alpha158_csi300_custom_step0_s_20260427_14,a2f8d66dca5146e0a3ed3dfec10a639f,0.136,,,
1367,2026-04-27,SH603501,-0.011798262596130371,EXP_LinearModel_Alpha158_csi300_custom_step0_s_20260427_14,a2f8d66dca5146e0a3ed3dfec10a639f,0.136,,,
1368,2026-04-27,SH603799,0.12351378798484802,EXP_LinearModel_Alpha158_csi300_custom_step0_s_20260427_14,a2f8d66dca5146e0a3ed3dfec10a639f,0.136,,,
1369,2026-04-27,SH603893,-0.0694473385810852,EXP_LinearModel_Alpha158_csi300_custom_step0_s_20260427_14,a2f8d66dca5146e0a3ed3dfec10a639f,0.136,,,
1370,2026-04-27,SH601998,0.047373391687870026,EXP_LinearModel_Alpha158_csi300_custom_step0_s_20260427_14,a2f8d66dca5146e0a3ed3dfec10a639f,0.136,,,
1371,2026-04-27,SH603986,-0.08654920756816864,EXP_LinearModel_Alpha158_csi300_custom_step0_s_20260427_14,a2f8d66dca5146e0a3ed3dfec10a639f,0.136,,,
1372,2026-04-27,SH601872,-0.07287394255399704,EXP_LinearModel_Alpha158_csi300_custom_step0_s_20260427_14,a2f8d66dca5146e0a3ed3dfec10a639f,0.136,,,
1373,2026-04-27,SH601857,0.01879596710205078,EXP_LinearModel_Alpha158_csi300_custom_step0_s_20260427_14,a2f8d66dca5146e0a3ed3dfec10a639f,0.136,,,
1374,2026-04-27,SH601390,0.006292321719229221,EXP_LinearModel_Alpha158_csi300_custom_step0_s_20260427_14,a2f8d66dca5146e0a3ed3dfec10a639f,0.136,,,
1375,2026-04-27,SH601398,-0.005139540880918503,EXP_LinearModel_Alpha158_csi300_custom_step0_s_20260427_14,a2f8d66dca5146e0a3ed3dfec10a639f,0.136,,,
1376,2026-04-27,SH601456,0.028041619807481766,EXP_LinearModel_Alpha158_csi300_custom_step0_s_20260427_14,a2f8d66dca5146e0a3ed3dfec10a639f,0.136,,,
1377,2026-04-27,SH601600,-0.018776047974824905,EXP_LinearModel_Alpha158_csi300_custom_step0_s_20260427_14,a2f8d66dca5146e0a3ed3dfec10a639f,0.136,,,
1378,2026-04-27,SH601601,-0.1446600705385208,EXP_LinearModel_Alpha158_csi300_custom_step0_s_20260427_14,a2f8d66dca5146e0a3ed3dfec10a639f,0.136,,,
1379,2026-04-27,SH601607,0.026080381125211716,EXP_LinearModel_Alpha158_csi300_custom_step0_s_20260427_14,a2f8d66dca5146e0a3ed3dfec10a639f,0.136,,,
1380,2026-04-27,SH601618,0.02358711138367653,EXP_LinearModel_Alpha158_csi300_custom_step0_s_20260427_14,a2f8d66dca5146e0a3ed3dfec10a639f,0.136,,,
1381,2026-04-27,SH601628,-0.06070367246866226,EXP_LinearModel_Alpha158_csi300_custom_step0_s_20260427_14,a2f8d66dca5146e0a3ed3dfec10a639f,0.136,,,
1382,2026-04-27,SH601633,-0.006341197062283754,EXP_LinearModel_Alpha158_csi300_custom_step0_s_20260427_14,a2f8d66dca5146e0a3ed3dfec10a639f,0.136,,,
1383,2026-04-27,SH601658,0.03634672239422798,EXP_LinearModel_Alpha158_csi300_custom_step0_s_20260427_14,a2f8d66dca5146e0a3ed3dfec10a639f,0.136,,,
1384,2026-04-27,SH601668,-0.032015278935432434,EXP_LinearModel_Alpha158_csi300_custom_step0_s_20260427_14,a2f8d66dca5146e0a3ed3dfec10a639f,0.136,,,
1385,2026-04-27,SH601868,0.2603304982185364,EXP_LinearModel_Alpha158_csi300_custom_step0_s_20260427_14,a2f8d66dca5146e0a3ed3dfec10a639f,0.136,,,
1386,2026-04-27,SH601669,0.13547614216804504,EXP_LinearModel_Alpha158_csi300_custom_step0_s_20260427_14,a2f8d66dca5146e0a3ed3dfec10a639f,0.136,,,
1387,2026-04-27,SH601689,0.08876405656337738,EXP_LinearModel_Alpha158_csi300_custom_step0_s_20260427_14,a2f8d66dca5146e0a3ed3dfec10a639f,0.136,,,
1388,2026-04-27,SH601698,-0.10346928983926773,EXP_LinearModel_Alpha158_csi300_custom_step0_s_20260427_14,a2f8d66dca5146e0a3ed3dfec10a639f,0.136,,,
1389,2026-04-27,SH601728,0.10048636794090271,EXP_LinearModel_Alpha158_csi300_custom_step0_s_20260427_14,a2f8d66dca5146e0a3ed3dfec10a639f,0.136,,,
1390,2026-04-27,SH601766,-0.0688435509800911,EXP_LinearModel_Alpha158_csi300_custom_step0_s_20260427_14,a2f8d66dca5146e0a3ed3dfec10a639f,0.136,,,
1391,2026-04-27,SH601788,-0.10485631972551346,EXP_LinearModel_Alpha158_csi300_custom_step0_s_20260427_14,a2f8d66dca5146e0a3ed3dfec10a639f,0.136,,,
1392,2026-04-27,SH601800,-0.04132406786084175,EXP_LinearModel_Alpha158_csi300_custom_step0_s_20260427_14,a2f8d66dca5146e0a3ed3dfec10a639f,0.136,,,
1393,2026-04-27,SH601808,-0.01969502680003643,EXP_LinearModel_Alpha158_csi300_custom_step0_s_20260427_14,a2f8d66dca5146e0a3ed3dfec10a639f,0.136,,,
1394,2026-04-27,SH601816,0.053193800151348114,EXP_LinearModel_Alpha158_csi300_custom_step0_s_20260427_14,a2f8d66dca5146e0a3ed3dfec10a639f,0.136,,,
1395,2026-04-27,SH601818,0.03149620443582535,EXP_LinearModel_Alpha158_csi300_custom_step0_s_20260427_14,a2f8d66dca5146e0a3ed3dfec10a639f,0.136,,,
1396,2026-04-27,SH601825,-0.01942959800362587,EXP_LinearModel_Alpha158_csi300_custom_step0_s_20260427_14,a2f8d66dca5146e0a3ed3dfec10a639f,0.136,,,
1397,2026-04-27,SH601838,-0.016895350068807602,EXP_LinearModel_Alpha158_csi300_custom_step0_s_20260427_14,a2f8d66dca5146e0a3ed3dfec10a639f,0.136,,,
1398,2026-04-27,SH601688,-0.033265620470047,EXP_LinearModel_Alpha158_csi300_custom_step0_s_20260427_14,a2f8d66dca5146e0a3ed3dfec10a639f,0.136,,,
1399,2026-04-27,SH601377,-0.05360898748040199,EXP_LinearModel_Alpha158_csi300_custom_step0_s_20260427_14,a2f8d66dca5146e0a3ed3dfec10a639f,0.136,,,
1400,2026-04-27,SH603993,0.06556172668933868,EXP_LinearModel_Alpha158_csi300_custom_step0_s_20260427_14,a2f8d66dca5146e0a3ed3dfec10a639f,0.136,,,
1401,2026-04-27,SH605499,0.020200654864311218,EXP_LinearModel_Alpha158_csi300_custom_step0_s_20260427_14,a2f8d66dca5146e0a3ed3dfec10a639f,0.136,,,
1402,2026-04-27,SZ000408,0.0917234793305397,EXP_LinearModel_Alpha158_csi300_custom_step0_s_20260427_14,a2f8d66dca5146e0a3ed3dfec10a639f,0.136,,,
1403,2026-04-27,SZ000425,-0.17078830301761627,EXP_LinearModel_Alpha158_csi300_custom_step0_s_20260427_14,a2f8d66dca5146e0a3ed3dfec10a639f,0.136,,,
1404,2026-04-27,SZ000538,-0.0001763214822858572,EXP_LinearModel_Alpha158_csi300_custom_step0_s_20260427_14,a2f8d66dca5146e0a3ed3dfec10a639f,0.136,,,
1405,2026-04-27,SZ000568,-0.10892422497272491,EXP_LinearModel_Alpha158_csi300_custom_step0_s_20260427_14,a2f8d66dca5146e0a3ed3dfec10a639f,0.136,,,
1406,2026-04-27,SZ000596,-0.1584283411502838,EXP_LinearModel_Alpha158_csi300_custom_step0_s_20260427_14,a2f8d66dca5146e0a3ed3dfec10a639f,0.136,,,
1407,2026-04-27,SZ000617,-0.18440988659858704,EXP_LinearModel_Alpha158_csi300_custom_step0_s_20260427_14,a2f8d66dca5146e0a3ed3dfec10a639f,0.136,,,
1408,2026-04-27,SZ000625,-0.059535861015319824,EXP_LinearModel_Alpha158_csi300_custom_step0_s_20260427_14,a2f8d66dca5146e0a3ed3dfec10a639f,0.136,,,
1409,2026-04-27,SZ000630,0.13139067590236664,EXP_LinearModel_Alpha158_csi300_custom_step0_s_20260427_14,a2f8d66dca5146e0a3ed3dfec10a639f,0.136,,,
1410,2026-04-27,SZ000651,0.019504506140947342,EXP_LinearModel_Alpha158_csi300_custom_step0_s_20260427_14,a2f8d66dca5146e0a3ed3dfec10a639f,0.136,,,
1411,2026-04-27,SZ000661,0.02287968620657921,EXP_LinearModel_Alpha158_csi300_custom_step0_s_20260427_14,a2f8d66dca5146e0a3ed3dfec10a639f,0.136,,,
1412,2026-04-27,SZ000708,-0.05850522592663765,EXP_LinearModel_Alpha158_csi300_custom_step0_s_20260427_14,a2f8d66dca5146e0a3ed3dfec10a639f,0.136,,,
1413,2026-04-27,SZ000338,0.09206380695104599,EXP_LinearModel_Alpha158_csi300_custom_step0_s_20260427_14,a2f8d66dca5146e0a3ed3dfec10a639f,0.136,,,
1414,2026-04-27,SZ000725,-0.02812422625720501,EXP_LinearModel_Alpha158_csi300_custom_step0_s_20260427_14,a2f8d66dca5146e0a3ed3dfec10a639f,0.136,,,
1415,2026-04-27,SZ000776,0.08663316816091537,EXP_LinearModel_Alpha158_csi300_custom_step0_s_20260427_14,a2f8d66dca5146e0a3ed3dfec10a639f,0.136,,,
1416,2026-04-27,SZ000786,-0.1513097584247589,EXP_LinearModel_Alpha158_csi300_custom_step0_s_20260427_14,a2f8d66dca5146e0a3ed3dfec10a639f,0.136,,,
1417,2026-04-27,SZ000792,0.16885794699192047,EXP_LinearModel_Alpha158_csi300_custom_step0_s_20260427_14,a2f8d66dca5146e0a3ed3dfec10a639f,0.136,,,
1418,2026-04-27,SZ000807,0.140088751912117,EXP_LinearModel_Alpha158_csi300_custom_step0_s_20260427_14,a2f8d66dca5146e0a3ed3dfec10a639f,0.136,,,
1419,2026-04-27,SZ000858,-0.03159032016992569,EXP_LinearModel_Alpha158_csi300_custom_step0_s_20260427_14,a2f8d66dca5146e0a3ed3dfec10a639f,0.136,,,
1420,2026-04-27,SZ000876,-0.06861305236816406,EXP_LinearModel_Alpha158_csi300_custom_step0_s_20260427_14,a2f8d66dca5146e0a3ed3dfec10a639f,0.136,,,
1421,2026-04-27,SZ000895,0.04563284292817116,EXP_LinearModel_Alpha158_csi300_custom_step0_s_20260427_14,a2f8d66dca5146e0a3ed3dfec10a639f,0.136,,,
1422,2026-04-27,SZ000938,0.050744954496622086,EXP_LinearModel_Alpha158_csi300_custom_step0_s_20260427_14,a2f8d66dca5146e0a3ed3dfec10a639f,0.136,,,
1423,2026-04-27,SZ000963,-0.1933215856552124,EXP_LinearModel_Alpha158_csi300_custom_step0_s_20260427_14,a2f8d66dca5146e0a3ed3dfec10a639f,0.136,,,
1424,2026-04-27,SZ000975,0.15978294610977173,EXP_LinearModel_Alpha158_csi300_custom_step0_s_20260427_14,a2f8d66dca5146e0a3ed3dfec10a639f,0.136,,,
1425,2026-04-27,SZ000977,-0.03451039642095566,EXP_LinearModel_Alpha158_csi300_custom_step0_s_20260427_14,a2f8d66dca5146e0a3ed3dfec10a639f,0.136,,,
1426,2026-04-27,SZ000768,-0.0631953552365303,EXP_LinearModel_Alpha158_csi300_custom_step0_s_20260427_14,a2f8d66dca5146e0a3ed3dfec10a639f,0.136,,,
1427,2026-04-27,SH605117,0.17086417973041534,EXP_LinearModel_Alpha158_csi300_custom_step0_s_20260427_14,a2f8d66dca5146e0a3ed3dfec10a639f,0.136,,,
1428,2026-04-27,SZ000333,0.005225813016295433,EXP_LinearModel_Alpha158_csi300_custom_step0_s_20260427_14,a2f8d66dca5146e0a3ed3dfec10a639f,0.136,,,
1429,2026-04-27,SZ000166,-0.056892842054367065,EXP_LinearModel_Alpha158_csi300_custom_step0_s_20260427_14,a2f8d66dca5146e0a3ed3dfec10a639f,0.136,,,
1430,2026-04-27,SH688008,-0.060339026153087616,EXP_LinearModel_Alpha158_csi300_custom_step0_s_20260427_14,a2f8d66dca5146e0a3ed3dfec10a639f,0.136,,,
1431,2026-04-27,SH688009,-0.11414932459592819,EXP_LinearModel_Alpha158_csi300_custom_step0_s_20260427_14,a2f8d66dca5146e0a3ed3dfec10a639f,0.136,,,
1432,2026-04-27,SH688012,-0.13610970973968506,EXP_LinearModel_Alpha158_csi300_custom_step0_s_20260427_14,a2f8d66dca5146e0a3ed3dfec10a639f,0.136,,,
1433,2026-04-27,SH688036,-0.04392120987176895,EXP_LinearModel_Alpha158_csi300_custom_step0_s_20260427_14,a2f8d66dca5146e0a3ed3dfec10a639f,0.136,,,
1434,2026-04-27,SH688041,-0.025609664618968964,EXP_LinearModel_Alpha158_csi300_custom_step0_s_20260427_14,a2f8d66dca5146e0a3ed3dfec10a639f,0.136,,,
1435,2026-04-27,SH688047,-0.0837092250585556,EXP_LinearModel_Alpha158_csi300_custom_step0_s_20260427_14,a2f8d66dca5146e0a3ed3dfec10a639f,0.136,,,
1436,2026-04-27,SH688082,-0.15052828192710876,EXP_LinearModel_Alpha158_csi300_custom_step0_s_20260427_14,a2f8d66dca5146e0a3ed3dfec10a639f,0.136,,,
1437,2026-04-27,SH688111,-0.04026102274656296,EXP_LinearModel_Alpha158_csi300_custom_step0_s_20260427_14,a2f8d66dca5146e0a3ed3dfec10a639f,0.136,,,
1438,2026-04-27,SH688126,-0.11114176362752914,EXP_LinearModel_Alpha158_csi300_custom_step0_s_20260427_14,a2f8d66dca5146e0a3ed3dfec10a639f,0.136,,,
1439,2026-04-27,SH688169,-0.04445681720972061,EXP_LinearModel_Alpha158_csi300_custom_step0_s_20260427_14,a2f8d66dca5146e0a3ed3dfec10a639f,0.136,,,
1440,2026-04-27,SH688187,-0.10506226867437363,EXP_LinearModel_Alpha158_csi300_custom_step0_s_20260427_14,a2f8d66dca5146e0a3ed3dfec10a639f,0.136,,,
1441,2026-04-27,SZ000301,0.10966331511735916,EXP_LinearModel_Alpha158_csi300_custom_step0_s_20260427_14,a2f8d66dca5146e0a3ed3dfec10a639f,0.136,,,
1442,2026-04-27,SH688223,0.17387691140174866,EXP_LinearModel_Alpha158_csi300_custom_step0_s_20260427_14,a2f8d66dca5146e0a3ed3dfec10a639f,0.136,,,
1443,2026-04-27,SH688271,-0.0034518875181674957,EXP_LinearModel_Alpha158_csi300_custom_step0_s_20260427_14,a2f8d66dca5146e0a3ed3dfec10a639f,0.136,,,
1444,2026-04-27,SH688303,0.08985187113285065,EXP_LinearModel_Alpha158_csi300_custom_step0_s_20260427_14,a2f8d66dca5146e0a3ed3dfec10a639f,0.136,,,
1445,2026-04-27,SH688396,-0.12198484688997269,EXP_LinearModel_Alpha158_csi300_custom_step0_s_20260427_14,a2f8d66dca5146e0a3ed3dfec10a639f,0.136,,,
1446,2026-04-27,SH688472,0.1920068860054016,EXP_LinearModel_Alpha158_csi300_custom_step0_s_20260427_14,a2f8d66dca5146e0a3ed3dfec10a639f,0.136,,,
1447,2026-04-27,SH688506,0.029836909845471382,EXP_LinearModel_Alpha158_csi300_custom_step0_s_20260427_14,a2f8d66dca5146e0a3ed3dfec10a639f,0.136,,,
1448,2026-04-27,SH688981,-0.003449220210313797,EXP_LinearModel_Alpha158_csi300_custom_step0_s_20260427_14,a2f8d66dca5146e0a3ed3dfec10a639f,0.136,,,
1449,2026-04-27,SZ000001,0.029494434595108032,EXP_LinearModel_Alpha158_csi300_custom_step0_s_20260427_14,a2f8d66dca5146e0a3ed3dfec10a639f,0.136,,,
1450,2026-04-27,SZ000002,-0.08485227078199387,EXP_LinearModel_Alpha158_csi300_custom_step0_s_20260427_14,a2f8d66dca5146e0a3ed3dfec10a639f,0.136,,,
1451,2026-04-27,SZ000063,-0.04680095985531807,EXP_LinearModel_Alpha158_csi300_custom_step0_s_20260427_14,a2f8d66dca5146e0a3ed3dfec10a639f,0.136,,,
1452,2026-04-27,SZ000100,-0.012376213446259499,EXP_LinearModel_Alpha158_csi300_custom_step0_s_20260427_14,a2f8d66dca5146e0a3ed3dfec10a639f,0.136,,,
1453,2026-04-27,SZ000157,-0.18602602183818817,EXP_LinearModel_Alpha158_csi300_custom_step0_s_20260427_14,a2f8d66dca5146e0a3ed3dfec10a639f,0.136,,,
1454,2026-04-27,SH688256,0.23997510969638824,EXP_LinearModel_Alpha158_csi300_custom_step0_s_20260427_14,a2f8d66dca5146e0a3ed3dfec10a639f,0.136,,,
1455,2026-04-27,SZ000983,0.015683602541685104,EXP_LinearModel_Alpha158_csi300_custom_step0_s_20260427_14,a2f8d66dca5146e0a3ed3dfec10a639f,0.136,,,
1456,2026-04-27,SH601360,0.04945693910121918,EXP_LinearModel_Alpha158_csi300_custom_step0_s_20260427_14,a2f8d66dca5146e0a3ed3dfec10a639f,0.136,,,
1457,2026-04-27,SH601328,-0.005146704614162445,EXP_LinearModel_Alpha158_csi300_custom_step0_s_20260427_14,a2f8d66dca5146e0a3ed3dfec10a639f,0.136,,,
1458,2026-04-27,SH600176,0.14104384183883667,EXP_LinearModel_Alpha158_csi300_custom_step0_s_20260427_14,a2f8d66dca5146e0a3ed3dfec10a639f,0.136,,,
1459,2026-04-27,SH600183,0.019209641963243484,EXP_LinearModel_Alpha158_csi300_custom_step0_s_20260427_14,a2f8d66dca5146e0a3ed3dfec10a639f,0.136,,,
1460,2026-04-27,SH600188,0.2621098756790161,EXP_LinearModel_Alpha158_csi300_custom_step0_s_20260427_14,a2f8d66dca5146e0a3ed3dfec10a639f,0.136,,,
1461,2026-04-27,SH600196,-0.027416732162237167,EXP_LinearModel_Alpha158_csi300_custom_step0_s_20260427_14,a2f8d66dca5146e0a3ed3dfec10a639f,0.136,,,
1462,2026-04-27,SH600219,0.024577021598815918,EXP_LinearModel_Alpha158_csi300_custom_step0_s_20260427_14,a2f8d66dca5146e0a3ed3dfec10a639f,0.136,,,
1463,2026-04-27,SH600233,0.11600016057491302,EXP_LinearModel_Alpha158_csi300_custom_step0_s_20260427_14,a2f8d66dca5146e0a3ed3dfec10a639f,0.136,,,
1464,2026-04-27,SH600276,-0.10210173577070236,EXP_LinearModel_Alpha158_csi300_custom_step0_s_20260427_14,a2f8d66dca5146e0a3ed3dfec10a639f,0.136,,,
1465,2026-04-27,SH600309,0.20759256184101105,EXP_LinearModel_Alpha158_csi300_custom_step0_s_20260427_14,a2f8d66dca5146e0a3ed3dfec10a639f,0.136,,,
1466,2026-04-27,SH600346,0.1714034080505371,EXP_LinearModel_Alpha158_csi300_custom_step0_s_20260427_14,a2f8d66dca5146e0a3ed3dfec10a639f,0.136,,,
1467,2026-04-27,SH600362,0.0851430669426918,EXP_LinearModel_Alpha158_csi300_custom_step0_s_20260427_14,a2f8d66dca5146e0a3ed3dfec10a639f,0.136,,,
1468,2026-04-27,SH600372,-0.0398421585559845,EXP_LinearModel_Alpha158_csi300_custom_step0_s_20260427_14,a2f8d66dca5146e0a3ed3dfec10a639f,0.136,,,
1469,2026-04-27,SH600161,-0.014664261601865292,EXP_LinearModel_Alpha158_csi300_custom_step0_s_20260427_14,a2f8d66dca5146e0a3ed3dfec10a639f,0.136,,,
1470,2026-04-27,SH600377,-0.07416114211082458,EXP_LinearModel_Alpha158_csi300_custom_step0_s_20260427_14,a2f8d66dca5146e0a3ed3dfec10a639f,0.136,,,
1471,2026-04-27,SH600415,-0.05356055498123169,EXP_LinearModel_Alpha158_csi300_custom_step0_s_20260427_14,a2f8d66dca5146e0a3ed3dfec10a639f,0.136,,,
1472,2026-04-27,SH600426,0.1478307545185089,EXP_LinearModel_Alpha158_csi300_custom_step0_s_20260427_14,a2f8d66dca5146e0a3ed3dfec10a639f,0.136,,,
1473,2026-04-27,SH600436,-0.16695478558540344,EXP_LinearModel_Alpha158_csi300_custom_step0_s_20260427_14,a2f8d66dca5146e0a3ed3dfec10a639f,0.136,,,
1474,2026-04-27,SH600438,0.17553305625915527,EXP_LinearModel_Alpha158_csi300_custom_step0_s_20260427_14,a2f8d66dca5146e0a3ed3dfec10a639f,0.136,,,
1475,2026-04-27,SH600460,-0.13516242802143097,EXP_LinearModel_Alpha158_csi300_custom_step0_s_20260427_14,a2f8d66dca5146e0a3ed3dfec10a639f,0.136,,,
1476,2026-04-27,SH600482,0.15411730110645294,EXP_LinearModel_Alpha158_csi300_custom_step0_s_20260427_14,a2f8d66dca5146e0a3ed3dfec10a639f,0.136,,,
1477,2026-04-27,SH600489,0.10641832649707794,EXP_LinearModel_Alpha158_csi300_custom_step0_s_20260427_14,a2f8d66dca5146e0a3ed3dfec10a639f,0.136,,,
1478,2026-04-27,SH600515,-0.02147015929222107,EXP_LinearModel_Alpha158_csi300_custom_step0_s_20260427_14,a2f8d66dca5146e0a3ed3dfec10a639f,0.136,,,
1479,2026-04-27,SH600519,-0.029951388016343117,EXP_LinearModel_Alpha158_csi300_custom_step0_s_20260427_14,a2f8d66dca5146e0a3ed3dfec10a639f,0.136,,,
1480,2026-04-27,SH600522,0.23364034295082092,EXP_LinearModel_Alpha158_csi300_custom_step0_s_20260427_14,a2f8d66dca5146e0a3ed3dfec10a639f,0.136,,,
1481,2026-04-27,SH600547,0.14405713975429535,EXP_LinearModel_Alpha158_csi300_custom_step0_s_20260427_14,a2f8d66dca5146e0a3ed3dfec10a639f,0.136,,,
1482,2026-04-27,SH600406,-0.06034835800528526,EXP_LinearModel_Alpha158_csi300_custom_step0_s_20260427_14,a2f8d66dca5146e0a3ed3dfec10a639f,0.136,,,
1483,2026-04-27,SH600570,0.021444477140903473,EXP_LinearModel_Alpha158_csi300_custom_step0_s_20260427_14,a2f8d66dca5146e0a3ed3dfec10a639f,0.136,,,
1484,2026-04-27,SH600160,-0.14865189790725708,EXP_LinearModel_Alpha158_csi300_custom_step0_s_20260427_14,a2f8d66dca5146e0a3ed3dfec10a639f,0.136,,,
1485,2026-04-27,SH600115,0.03722008317708969,EXP_LinearModel_Alpha158_csi300_custom_step0_s_20260427_14,a2f8d66dca5146e0a3ed3dfec10a639f,0.136,,,
1486,2026-04-27,SH600010,0.12943224608898163,EXP_LinearModel_Alpha158_csi300_custom_step0_s_20260427_14,a2f8d66dca5146e0a3ed3dfec10a639f,0.136,,,
1487,2026-04-27,SH600011,0.08385954797267914,EXP_LinearModel_Alpha158_csi300_custom_step0_s_20260427_14,a2f8d66dca5146e0a3ed3dfec10a639f,0.136,,,
1488,2026-04-27,SH600015,-0.02752404287457466,EXP_LinearModel_Alpha158_csi300_custom_step0_s_20260427_14,a2f8d66dca5146e0a3ed3dfec10a639f,0.136,,,
1489,2026-04-27,SH600016,0.06115216761827469,EXP_LinearModel_Alpha158_csi300_custom_step0_s_20260427_14,a2f8d66dca5146e0a3ed3dfec10a639f,0.136,,,
1490,2026-04-27,SH600018,-0.013378944247961044,EXP_LinearModel_Alpha158_csi300_custom_step0_s_20260427_14,a2f8d66dca5146e0a3ed3dfec10a639f,0.136,,,
1491,2026-04-27,SH600019,0.013501230627298355,EXP_LinearModel_Alpha158_csi300_custom_step0_s_20260427_14,a2f8d66dca5146e0a3ed3dfec10a639f,0.136,,,
1492,2026-04-27,SH600023,0.05373617261648178,EXP_LinearModel_Alpha158_csi300_custom_step0_s_20260427_14,a2f8d66dca5146e0a3ed3dfec10a639f,0.136,,,
1493,2026-04-27,SH600025,0.025102758780121803,EXP_LinearModel_Alpha158_csi300_custom_step0_s_20260427_14,a2f8d66dca5146e0a3ed3dfec10a639f,0.136,,,
1494,2026-04-27,SH600026,-0.11923860758543015,EXP_LinearModel_Alpha158_csi300_custom_step0_s_20260427_14,a2f8d66dca5146e0a3ed3dfec10a639f,0.136,,,
1495,2026-04-27,SH600027,0.10323043912649155,EXP_LinearModel_Alpha158_csi300_custom_step0_s_20260427_14,a2f8d66dca5146e0a3ed3dfec10a639f,0.136,,,
1496,2026-04-27,SH600028,-0.05695362016558647,EXP_LinearModel_Alpha158_csi300_custom_step0_s_20260427_14,a2f8d66dca5146e0a3ed3dfec10a639f,0.136,,,
1497,2026-04-27,SH600150,-0.07923365384340286,EXP_LinearModel_Alpha158_csi300_custom_step0_s_20260427_14,a2f8d66dca5146e0a3ed3dfec10a639f,0.136,,,
1498,2026-04-27,SH600029,-0.05589209496974945,EXP_LinearModel_Alpha158_csi300_custom_step0_s_20260427_14,a2f8d66dca5146e0a3ed3dfec10a639f,0.136,,,
1499,2026-04-27,SH600031,-0.06612440198659897,EXP_LinearModel_Alpha158_csi300_custom_step0_s_20260427_14,a2f8d66dca5146e0a3ed3dfec10a639f,0.136,,,
1500,2026-04-27,SH600036,-0.02073243260383606,EXP_LinearModel_Alpha158_csi300_custom_step0_s_20260427_14,a2f8d66dca5146e0a3ed3dfec10a639f,0.136,,,
1501,2026-04-27,SH600039,-0.2025948166847229,EXP_LinearModel_Alpha158_csi300_custom_step0_s_20260427_14,a2f8d66dca5146e0a3ed3dfec10a639f,0.136,,,
1502,2026-04-27,SH600048,-0.05543451011180878,EXP_LinearModel_Alpha158_csi300_custom_step0_s_20260427_14,a2f8d66dca5146e0a3ed3dfec10a639f,0.136,,,
1503,2026-04-27,SH600050,0.005363821983337402,EXP_LinearModel_Alpha158_csi300_custom_step0_s_20260427_14,a2f8d66dca5146e0a3ed3dfec10a639f,0.136,,,
1504,2026-04-27,SH600061,-0.1233387142419815,EXP_LinearModel_Alpha158_csi300_custom_step0_s_20260427_14,a2f8d66dca5146e0a3ed3dfec10a639f,0.136,,,
1505,2026-04-27,SH600066,0.15966755151748657,EXP_LinearModel_Alpha158_csi300_custom_step0_s_20260427_14,a2f8d66dca5146e0a3ed3dfec10a639f,0.136,,,
1506,2026-04-27,SH600085,-0.07412216067314148,EXP_LinearModel_Alpha158_csi300_custom_step0_s_20260427_14,a2f8d66dca5146e0a3ed3dfec10a639f,0.136,,,
1507,2026-04-27,SH600089,-0.08760282397270203,EXP_LinearModel_Alpha158_csi300_custom_step0_s_20260427_14,a2f8d66dca5146e0a3ed3dfec10a639f,0.136,,,
1508,2026-04-27,SH600104,-0.04961751028895378,EXP_LinearModel_Alpha158_csi300_custom_step0_s_20260427_14,a2f8d66dca5146e0a3ed3dfec10a639f,0.136,,,
1509,2026-04-27,SH600111,0.027591057121753693,EXP_LinearModel_Alpha158_csi300_custom_step0_s_20260427_14,a2f8d66dca5146e0a3ed3dfec10a639f,0.136,,,
1510,2026-04-27,SH600030,-0.007981829345226288,EXP_LinearModel_Alpha158_csi300_custom_step0_s_20260427_14,a2f8d66dca5146e0a3ed3dfec10a639f,0.136,,,
1511,2026-04-27,SH601336,-0.013609003275632858,EXP_LinearModel_Alpha158_csi300_custom_step0_s_20260427_14,a2f8d66dca5146e0a3ed3dfec10a639f,0.136,,,
1512,2026-04-27,SH600584,-0.1357184499502182,EXP_LinearModel_Alpha158_csi300_custom_step0_s_20260427_14,a2f8d66dca5146e0a3ed3dfec10a639f,0.136,,,
1513,2026-04-27,SH600588,0.0167093425989151,EXP_LinearModel_Alpha158_csi300_custom_step0_s_20260427_14,a2f8d66dca5146e0a3ed3dfec10a639f,0.136,,,
1514,2026-04-27,SH601021,-0.06457608193159103,EXP_LinearModel_Alpha158_csi300_custom_step0_s_20260427_14,a2f8d66dca5146e0a3ed3dfec10a639f,0.136,,,
1515,2026-04-27,SH601058,-0.11462335288524628,EXP_LinearModel_Alpha158_csi300_custom_step0_s_20260427_14,a2f8d66dca5146e0a3ed3dfec10a639f,0.136,,,
1516,2026-04-27,SH601059,0.04347154498100281,EXP_LinearModel_Alpha158_csi300_custom_step0_s_20260427_14,a2f8d66dca5146e0a3ed3dfec10a639f,0.136,,,
1517,2026-04-27,SH601066,-0.036495838314294815,EXP_LinearModel_Alpha158_csi300_custom_step0_s_20260427_14,a2f8d66dca5146e0a3ed3dfec10a639f,0.136,,,
1518,2026-04-27,SH601077,0.023326091468334198,EXP_LinearModel_Alpha158_csi300_custom_step0_s_20260427_14,a2f8d66dca5146e0a3ed3dfec10a639f,0.136,,,
1519,2026-04-27,SH601088,0.009193625301122665,EXP_LinearModel_Alpha158_csi300_custom_step0_s_20260427_14,a2f8d66dca5146e0a3ed3dfec10a639f,0.136,,,
1520,2026-04-27,SH601100,0.04680544510483742,EXP_LinearModel_Alpha158_csi300_custom_step0_s_20260427_14,a2f8d66dca5146e0a3ed3dfec10a639f,0.136,,,
1521,2026-04-27,SH601111,-0.0405607670545578,EXP_LinearModel_Alpha158_csi300_custom_step0_s_20260427_14,a2f8d66dca5146e0a3ed3dfec10a639f,0.136,,,
1522,2026-04-27,SH601117,0.007053203880786896,EXP_LinearModel_Alpha158_csi300_custom_step0_s_20260427_14,a2f8d66dca5146e0a3ed3dfec10a639f,0.136,,,
1523,2026-04-27,SH601127,0.07569138705730438,EXP_LinearModel_Alpha158_csi300_custom_step0_s_20260427_14,a2f8d66dca5146e0a3ed3dfec10a639f,0.136,,,
1524,2026-04-27,SH601136,-0.0608648881316185,EXP_LinearModel_Alpha158_csi300_custom_step0_s_20260427_14,a2f8d66dca5146e0a3ed3dfec10a639f,0.136,,,
1525,2026-04-27,SH601018,-0.0003829742781817913,EXP_LinearModel_Alpha158_csi300_custom_step0_s_20260427_14,a2f8d66dca5146e0a3ed3dfec10a639f,0.136,,,
1526,2026-04-27,SH601138,0.12394972890615463,EXP_LinearModel_Alpha158_csi300_custom_step0_s_20260427_14,a2f8d66dca5146e0a3ed3dfec10a639f,0.136,,,
1527,2026-04-27,SH601169,-0.04254268482327461,EXP_LinearModel_Alpha158_csi300_custom_step0_s_20260427_14,a2f8d66dca5146e0a3ed3dfec10a639f,0.136,,,
1528,2026-04-27,SH601186,0.005403319373726845,EXP_LinearModel_Alpha158_csi300_custom_step0_s_20260427_14,a2f8d66dca5146e0a3ed3dfec10a639f,0.136,,,
1529,2026-04-27,SH601211,-0.1345394253730774,EXP_LinearModel_Alpha158_csi300_custom_step0_s_20260427_14,a2f8d66dca5146e0a3ed3dfec10a639f,0.136,,,
1530,2026-04-27,SH601225,0.07277853041887283,EXP_LinearModel_Alpha158_csi300_custom_step0_s_20260427_14,a2f8d66dca5146e0a3ed3dfec10a639f,0.136,,,
1531,2026-04-27,SH601229,-0.09649813920259476,EXP_LinearModel_Alpha158_csi300_custom_step0_s_20260427_14,a2f8d66dca5146e0a3ed3dfec10a639f,0.136,,,
1532,2026-04-27,SH601236,-0.00030330196022987366,EXP_LinearModel_Alpha158_csi300_custom_step0_s_20260427_14,a2f8d66dca5146e0a3ed3dfec10a639f,0.136,,,
1533,2026-04-27,SH601238,-0.10331235826015472,EXP_LinearModel_Alpha158_csi300_custom_step0_s_20260427_14,a2f8d66dca5146e0a3ed3dfec10a639f,0.136,,,
1534,2026-04-27,SH601288,0.004896445199847221,EXP_LinearModel_Alpha158_csi300_custom_step0_s_20260427_14,a2f8d66dca5146e0a3ed3dfec10a639f,0.136,,,
1535,2026-04-27,SH601298,-0.14312787353992462,EXP_LinearModel_Alpha158_csi300_custom_step0_s_20260427_14,a2f8d66dca5146e0a3ed3dfec10a639f,0.136,,,
1536,2026-04-27,SH601318,-0.15227116644382477,EXP_LinearModel_Alpha158_csi300_custom_step0_s_20260427_14,a2f8d66dca5146e0a3ed3dfec10a639f,0.136,,,
1537,2026-04-27,SH601319,-0.1363457590341568,EXP_LinearModel_Alpha158_csi300_custom_step0_s_20260427_14,a2f8d66dca5146e0a3ed3dfec10a639f,0.136,,,
1538,2026-04-27,SH601166,-0.06916718184947968,EXP_LinearModel_Alpha158_csi300_custom_step0_s_20260427_14,a2f8d66dca5146e0a3ed3dfec10a639f,0.136,,,
1539,2026-04-27,SH600585,-0.21171656250953674,EXP_LinearModel_Alpha158_csi300_custom_step0_s_20260427_14,a2f8d66dca5146e0a3ed3dfec10a639f,0.136,,,
1540,2026-04-27,SH601012,0.07235418260097504,EXP_LinearModel_Alpha158_csi300_custom_step0_s_20260427_14,a2f8d66dca5146e0a3ed3dfec10a639f,0.136,,,
1541,2026-04-27,SH601006,-0.019043922424316406,EXP_LinearModel_Alpha158_csi300_custom_step0_s_20260427_14,a2f8d66dca5146e0a3ed3dfec10a639f,0.136,,,
1542,2026-04-27,SH600600,-0.018330005928874016,EXP_LinearModel_Alpha158_csi300_custom_step0_s_20260427_14,a2f8d66dca5146e0a3ed3dfec10a639f,0.136,,,
1543,2026-04-27,SH600660,-0.035361841320991516,EXP_LinearModel_Alpha158_csi300_custom_step0_s_20260427_14,a2f8d66dca5146e0a3ed3dfec10a639f,0.136,,,
1544,2026-04-27,SH600674,0.046222101897001266,EXP_LinearModel_Alpha158_csi300_custom_step0_s_20260427_14,a2f8d66dca5146e0a3ed3dfec10a639f,0.136,,,
1545,2026-04-27,SH600690,-0.04344779625535011,EXP_LinearModel_Alpha158_csi300_custom_step0_s_20260427_14,a2f8d66dca5146e0a3ed3dfec10a639f,0.136,,,
1546,2026-04-27,SH600741,0.2953221797943115,EXP_LinearModel_Alpha158_csi300_custom_step0_s_20260427_14,a2f8d66dca5146e0a3ed3dfec10a639f,0.136,,,
1547,2026-04-27,SH600760,0.04781349003314972,EXP_LinearModel_Alpha158_csi300_custom_step0_s_20260427_14,a2f8d66dca5146e0a3ed3dfec10a639f,0.136,,,
1548,2026-04-27,SH600795,0.0530768521130085,EXP_LinearModel_Alpha158_csi300_custom_step0_s_20260427_14,a2f8d66dca5146e0a3ed3dfec10a639f,0.136,,,
1549,2026-04-27,SH600803,0.04481136426329613,EXP_LinearModel_Alpha158_csi300_custom_step0_s_20260427_14,a2f8d66dca5146e0a3ed3dfec10a639f,0.136,,,
1550,2026-04-27,SH600809,-0.15328456461429596,EXP_LinearModel_Alpha158_csi300_custom_step0_s_20260427_14,a2f8d66dca5146e0a3ed3dfec10a639f,0.136,,,
1551,2026-04-27,SH600845,-0.007446900475770235,EXP_LinearModel_Alpha158_csi300_custom_step0_s_20260427_14,a2f8d66dca5146e0a3ed3dfec10a639f,0.136,,,
1552,2026-04-27,SH600875,-0.0210560355335474,EXP_LinearModel_Alpha158_csi300_custom_step0_s_20260427_14,a2f8d66dca5146e0a3ed3dfec10a639f,0.136,,,
1553,2026-04-27,SH601009,-0.03194234520196915,EXP_LinearModel_Alpha158_csi300_custom_step0_s_20260427_14,a2f8d66dca5146e0a3ed3dfec10a639f,0.136,,,
1554,2026-04-27,SH600886,0.10396488010883331,EXP_LinearModel_Alpha158_csi300_custom_step0_s_20260427_14,a2f8d66dca5146e0a3ed3dfec10a639f,0.136,,,
1555,2026-04-27,SH600893,-0.14247220754623413,EXP_LinearModel_Alpha158_csi300_custom_step0_s_20260427_14,a2f8d66dca5146e0a3ed3dfec10a639f,0.136,,,
1556,2026-04-27,SH600900,0.07985100150108337,EXP_LinearModel_Alpha158_csi300_custom_step0_s_20260427_14,a2f8d66dca5146e0a3ed3dfec10a639f,0.136,,,
1557,2026-04-27,SH600905,-0.019351696595549583,EXP_LinearModel_Alpha158_csi300_custom_step0_s_20260427_14,a2f8d66dca5146e0a3ed3dfec10a639f,0.136,,,
1558,2026-04-27,SH600918,-0.012954507023096085,EXP_LinearModel_Alpha158_csi300_custom_step0_s_20260427_14,a2f8d66dca5146e0a3ed3dfec10a639f,0.136,,,
1559,2026-04-27,SH600919,-0.0775236189365387,EXP_LinearModel_Alpha158_csi300_custom_step0_s_20260427_14,a2f8d66dca5146e0a3ed3dfec10a639f,0.136,,,
1560,2026-04-27,SH600926,0.003989040851593018,EXP_LinearModel_Alpha158_csi300_custom_step0_s_20260427_14,a2f8d66dca5146e0a3ed3dfec10a639f,0.136,,,
1561,2026-04-27,SH600930,0.07436428964138031,EXP_LinearModel_Alpha158_csi300_custom_step0_s_20260427_14,a2f8d66dca5146e0a3ed3dfec10a639f,0.136,,,
1562,2026-04-27,SH600938,0.0529625378549099,EXP_LinearModel_Alpha158_csi300_custom_step0_s_20260427_14,a2f8d66dca5146e0a3ed3dfec10a639f,0.136,,,
1563,2026-04-27,SH600941,-0.025774581357836723,EXP_LinearModel_Alpha158_csi300_custom_step0_s_20260427_14,a2f8d66dca5146e0a3ed3dfec10a639f,0.136,,,
1564,2026-04-27,SH600989,0.2313763052225113,EXP_LinearModel_Alpha158_csi300_custom_step0_s_20260427_14,a2f8d66dca5146e0a3ed3dfec10a639f,0.136,,,
1565,2026-04-27,SH600999,-0.07656920701265335,EXP_LinearModel_Alpha158_csi300_custom_step0_s_20260427_14,a2f8d66dca5146e0a3ed3dfec10a639f,0.136,,,
1566,2026-04-27,SH600887,-0.0683211088180542,EXP_LinearModel_Alpha158_csi300_custom_step0_s_20260427_14,a2f8d66dca5146e0a3ed3dfec10a639f,0.136,,,
1567,2026-04-27,SZ000999,-0.15003594756126404,EXP_LinearModel_Alpha158_csi300_custom_step0_s_20260427_14,a2f8d66dca5146e0a3ed3dfec10a639f,0.136,,,
1568,2026-04-27,SZ001391,-0.008491165935993195,EXP_LinearModel_Alpha158_csi300_custom_step0_s_20260427_14,a2f8d66dca5146e0a3ed3dfec10a639f,0.136,,,
1569,2026-04-27,SZ001965,-0.025195661932229996,EXP_LinearModel_Alpha158_csi300_custom_step0_s_20260427_14,a2f8d66dca5146e0a3ed3dfec10a639f,0.136,,,
1570,2026-04-27,SH600875,-0.06025910750031471,EXP_XGBModel_Alpha158_csi300_custom_step0_s_20260427_14,74daf7769f1b4612b7a65e8b4d0b3909,0.162,,,
1571,2026-04-27,SH600886,0.025703255087137222,EXP_XGBModel_Alpha158_csi300_custom_step0_s_20260427_14,74daf7769f1b4612b7a65e8b4d0b3909,0.162,,,
1572,2026-04-27,SH600887,-0.0003842056030407548,EXP_XGBModel_Alpha158_csi300_custom_step0_s_20260427_14,74daf7769f1b4612b7a65e8b4d0b3909,0.162,,,
1573,2026-04-27,SH600893,-0.02240591309964657,EXP_XGBModel_Alpha158_csi300_custom_step0_s_20260427_14,74daf7769f1b4612b7a65e8b4d0b3909,0.162,,,
1574,2026-04-27,SH600900,0.020158987492322922,EXP_XGBModel_Alpha158_csi300_custom_step0_s_20260427_14,74daf7769f1b4612b7a65e8b4d0b3909,0.162,,,
1575,2026-04-27,SH600905,0.008242545649409294,EXP_XGBModel_Alpha158_csi300_custom_step0_s_20260427_14,74daf7769f1b4612b7a65e8b4d0b3909,0.162,,,
1576,2026-04-27,SH600918,-0.007020622491836548,EXP_XGBModel_Alpha158_csi300_custom_step0_s_20260427_14,74daf7769f1b4612b7a65e8b4d0b3909,0.162,,,
1577,2026-04-27,SH600919,0.04183455929160118,EXP_XGBModel_Alpha158_csi300_custom_step0_s_20260427_14,74daf7769f1b4612b7a65e8b4d0b3909,0.162,,,
1578,2026-04-27,SH600926,0.022788239642977715,EXP_XGBModel_Alpha158_csi300_custom_step0_s_20260427_14,74daf7769f1b4612b7a65e8b4d0b3909,0.162,,,
1579,2026-04-27,SH600930,-0.020102189853787422,EXP_XGBModel_Alpha158_csi300_custom_step0_s_20260427_14,74daf7769f1b4612b7a65e8b4d0b3909,0.162,,,
1580,2026-04-27,SH600938,-0.029199184849858284,EXP_XGBModel_Alpha158_csi300_custom_step0_s_20260427_14,74daf7769f1b4612b7a65e8b4d0b3909,0.162,,,
1581,2026-04-27,SH600845,0.014781246893107891,EXP_XGBModel_Alpha158_csi300_custom_step0_s_20260427_14,74daf7769f1b4612b7a65e8b4d0b3909,0.162,,,
1582,2026-04-27,SH600941,0.0162136759608984,EXP_XGBModel_Alpha158_csi300_custom_step0_s_20260427_14,74daf7769f1b4612b7a65e8b4d0b3909,0.162,,,
1583,2026-04-27,SH600999,0.007198723498731852,EXP_XGBModel_Alpha158_csi300_custom_step0_s_20260427_14,74daf7769f1b4612b7a65e8b4d0b3909,0.162,,,
1584,2026-04-27,SH601006,0.01170094683766365,EXP_XGBModel_Alpha158_csi300_custom_step0_s_20260427_14,74daf7769f1b4612b7a65e8b4d0b3909,0.162,,,
1585,2026-04-27,SH601009,-9.744413546286523e-05,EXP_XGBModel_Alpha158_csi300_custom_step0_s_20260427_14,74daf7769f1b4612b7a65e8b4d0b3909,0.162,,,
1586,2026-04-27,SH601012,0.005592746194452047,EXP_XGBModel_Alpha158_csi300_custom_step0_s_20260427_14,74daf7769f1b4612b7a65e8b4d0b3909,0.162,,,
1587,2026-04-27,SH601018,-0.004657917656004429,EXP_XGBModel_Alpha158_csi300_custom_step0_s_20260427_14,74daf7769f1b4612b7a65e8b4d0b3909,0.162,,,
1588,2026-04-27,SH601021,0.03302955999970436,EXP_XGBModel_Alpha158_csi300_custom_step0_s_20260427_14,74daf7769f1b4612b7a65e8b4d0b3909,0.162,,,
1589,2026-04-27,SH601058,0.0096172746270895,EXP_XGBModel_Alpha158_csi300_custom_step0_s_20260427_14,74daf7769f1b4612b7a65e8b4d0b3909,0.162,,,
1590,2026-04-27,SH601059,0.019337547942996025,EXP_XGBModel_Alpha158_csi300_custom_step0_s_20260427_14,74daf7769f1b4612b7a65e8b4d0b3909,0.162,,,
1591,2026-04-27,SH601066,0.011792479082942009,EXP_XGBModel_Alpha158_csi300_custom_step0_s_20260427_14,74daf7769f1b4612b7a65e8b4d0b3909,0.162,,,
1592,2026-04-27,SH601077,0.06865771859884262,EXP_XGBModel_Alpha158_csi300_custom_step0_s_20260427_14,74daf7769f1b4612b7a65e8b4d0b3909,0.162,,,
1593,2026-04-27,SH601088,0.01493491418659687,EXP_XGBModel_Alpha158_csi300_custom_step0_s_20260427_14,74daf7769f1b4612b7a65e8b4d0b3909,0.162,,,
1594,2026-04-27,SH600989,-0.07448466867208481,EXP_XGBModel_Alpha158_csi300_custom_step0_s_20260427_14,74daf7769f1b4612b7a65e8b4d0b3909,0.162,,,
1595,2026-04-27,SH601100,-0.016088737174868584,EXP_XGBModel_Alpha158_csi300_custom_step0_s_20260427_14,74daf7769f1b4612b7a65e8b4d0b3909,0.162,,,
1596,2026-04-27,SH600809,0.009029037319123745,EXP_XGBModel_Alpha158_csi300_custom_step0_s_20260427_14,74daf7769f1b4612b7a65e8b4d0b3909,0.162,,,
1597,2026-04-27,SH600795,0.016677791252732277,EXP_XGBModel_Alpha158_csi300_custom_step0_s_20260427_14,74daf7769f1b4612b7a65e8b4d0b3909,0.162,,,
1598,2026-04-27,SH600372,0.010735690593719482,EXP_XGBModel_Alpha158_csi300_custom_step0_s_20260427_14,74daf7769f1b4612b7a65e8b4d0b3909,0.162,,,
1599,2026-04-27,SH600377,-0.019918562844395638,EXP_XGBModel_Alpha158_csi300_custom_step0_s_20260427_14,74daf7769f1b4612b7a65e8b4d0b3909,0.162,,,
1600,2026-04-27,SH600406,0.011629915796220303,EXP_XGBModel_Alpha158_csi300_custom_step0_s_20260427_14,74daf7769f1b4612b7a65e8b4d0b3909,0.162,,,
1601,2026-04-27,SH600415,-0.0011571659706532955,EXP_XGBModel_Alpha158_csi300_custom_step0_s_20260427_14,74daf7769f1b4612b7a65e8b4d0b3909,0.162,,,
1602,2026-04-27,SH600426,-0.060656677931547165,EXP_XGBModel_Alpha158_csi300_custom_step0_s_20260427_14,74daf7769f1b4612b7a65e8b4d0b3909,0.162,,,
1603,2026-04-27,SH600436,-0.023682311177253723,EXP_XGBModel_Alpha158_csi300_custom_step0_s_20260427_14,74daf7769f1b4612b7a65e8b4d0b3909,0.162,,,
1604,2026-04-27,SH600438,-0.006174367852509022,EXP_XGBModel_Alpha158_csi300_custom_step0_s_20260427_14,74daf7769f1b4612b7a65e8b4d0b3909,0.162,,,
1605,2026-04-27,SH600460,-0.000941180856898427,EXP_XGBModel_Alpha158_csi300_custom_step0_s_20260427_14,74daf7769f1b4612b7a65e8b4d0b3909,0.162,,,
1606,2026-04-27,SH600482,-0.02183876559138298,EXP_XGBModel_Alpha158_csi300_custom_step0_s_20260427_14,74daf7769f1b4612b7a65e8b4d0b3909,0.162,,,
1607,2026-04-27,SH600489,-0.021295685321092606,EXP_XGBModel_Alpha158_csi300_custom_step0_s_20260427_14,74daf7769f1b4612b7a65e8b4d0b3909,0.162,,,
1608,2026-04-27,SH600515,-0.011339304968714714,EXP_XGBModel_Alpha158_csi300_custom_step0_s_20260427_14,74daf7769f1b4612b7a65e8b4d0b3909,0.162,,,
1609,2026-04-27,SH600803,0.014091619290411472,EXP_XGBModel_Alpha158_csi300_custom_step0_s_20260427_14,74daf7769f1b4612b7a65e8b4d0b3909,0.162,,,
1610,2026-04-27,SH600519,-0.011837834492325783,EXP_XGBModel_Alpha158_csi300_custom_step0_s_20260427_14,74daf7769f1b4612b7a65e8b4d0b3909,0.162,,,
1611,2026-04-27,SH600547,0.017472656443715096,EXP_XGBModel_Alpha158_csi300_custom_step0_s_20260427_14,74daf7769f1b4612b7a65e8b4d0b3909,0.162,,,
1612,2026-04-27,SH600570,-0.09487032145261765,EXP_XGBModel_Alpha158_csi300_custom_step0_s_20260427_14,74daf7769f1b4612b7a65e8b4d0b3909,0.162,,,
1613,2026-04-27,SH600584,0.0035974702332168818,EXP_XGBModel_Alpha158_csi300_custom_step0_s_20260427_14,74daf7769f1b4612b7a65e8b4d0b3909,0.162,,,
1614,2026-04-27,SH600585,-0.03652128577232361,EXP_XGBModel_Alpha158_csi300_custom_step0_s_20260427_14,74daf7769f1b4612b7a65e8b4d0b3909,0.162,,,
1615,2026-04-27,SH600588,-0.06698266416788101,EXP_XGBModel_Alpha158_csi300_custom_step0_s_20260427_14,74daf7769f1b4612b7a65e8b4d0b3909,0.162,,,
1616,2026-04-27,SH600600,-0.016051920130848885,EXP_XGBModel_Alpha158_csi300_custom_step0_s_20260427_14,74daf7769f1b4612b7a65e8b4d0b3909,0.162,,,
1617,2026-04-27,SH600660,0.03303135186433792,EXP_XGBModel_Alpha158_csi300_custom_step0_s_20260427_14,74daf7769f1b4612b7a65e8b4d0b3909,0.162,,,
1618,2026-04-27,SH600674,0.008458239026367664,EXP_XGBModel_Alpha158_csi300_custom_step0_s_20260427_14,74daf7769f1b4612b7a65e8b4d0b3909,0.162,,,
1619,2026-04-27,SH600690,0.003276033792644739,EXP_XGBModel_Alpha158_csi300_custom_step0_s_20260427_14,74daf7769f1b4612b7a65e8b4d0b3909,0.162,,,
1620,2026-04-27,SH600741,0.01918165013194084,EXP_XGBModel_Alpha158_csi300_custom_step0_s_20260427_14,74daf7769f1b4612b7a65e8b4d0b3909,0.162,,,
1621,2026-04-27,SH600760,-0.016714246943593025,EXP_XGBModel_Alpha158_csi300_custom_step0_s_20260427_14,74daf7769f1b4612b7a65e8b4d0b3909,0.162,,,
1622,2026-04-27,SH600522,0.005682128481566906,EXP_XGBModel_Alpha158_csi300_custom_step0_s_20260427_14,74daf7769f1b4612b7a65e8b4d0b3909,0.162,,,
1623,2026-04-27,SH600362,-0.014954620972275734,EXP_XGBModel_Alpha158_csi300_custom_step0_s_20260427_14,74daf7769f1b4612b7a65e8b4d0b3909,0.162,,,
1624,2026-04-27,SH601111,-0.1913032978773117,EXP_XGBModel_Alpha158_csi300_custom_step0_s_20260427_14,74daf7769f1b4612b7a65e8b4d0b3909,0.162,,,
1625,2026-04-27,SH601127,0.0007396435830742121,EXP_XGBModel_Alpha158_csi300_custom_step0_s_20260427_14,74daf7769f1b4612b7a65e8b4d0b3909,0.162,,,
1626,2026-04-27,SH601668,-0.020239612087607384,EXP_XGBModel_Alpha158_csi300_custom_step0_s_20260427_14,74daf7769f1b4612b7a65e8b4d0b3909,0.162,,,
1627,2026-04-27,SH601669,-0.011679762043058872,EXP_XGBModel_Alpha158_csi300_custom_step0_s_20260427_14,74daf7769f1b4612b7a65e8b4d0b3909,0.162,,,
1628,2026-04-27,SH601688,0.002437944058328867,EXP_XGBModel_Alpha158_csi300_custom_step0_s_20260427_14,74daf7769f1b4612b7a65e8b4d0b3909,0.162,,,
1629,2026-04-27,SH601689,-0.029074573889374733,EXP_XGBModel_Alpha158_csi300_custom_step0_s_20260427_14,74daf7769f1b4612b7a65e8b4d0b3909,0.162,,,
1630,2026-04-27,SH601698,-0.10762619227170944,EXP_XGBModel_Alpha158_csi300_custom_step0_s_20260427_14,74daf7769f1b4612b7a65e8b4d0b3909,0.162,,,
1631,2026-04-27,SH601728,0.026882996782660484,EXP_XGBModel_Alpha158_csi300_custom_step0_s_20260427_14,74daf7769f1b4612b7a65e8b4d0b3909,0.162,,,
1632,2026-04-27,SH601766,-0.03184203803539276,EXP_XGBModel_Alpha158_csi300_custom_step0_s_20260427_14,74daf7769f1b4612b7a65e8b4d0b3909,0.162,,,
1633,2026-04-27,SH601788,-0.05428125709295273,EXP_XGBModel_Alpha158_csi300_custom_step0_s_20260427_14,74daf7769f1b4612b7a65e8b4d0b3909,0.162,,,
1634,2026-04-27,SH601800,-0.04174373671412468,EXP_XGBModel_Alpha158_csi300_custom_step0_s_20260427_14,74daf7769f1b4612b7a65e8b4d0b3909,0.162,,,
1635,2026-04-27,SH601808,-0.007686298340559006,EXP_XGBModel_Alpha158_csi300_custom_step0_s_20260427_14,74daf7769f1b4612b7a65e8b4d0b3909,0.162,,,
1636,2026-04-27,SH601816,-0.001506734173744917,EXP_XGBModel_Alpha158_csi300_custom_step0_s_20260427_14,74daf7769f1b4612b7a65e8b4d0b3909,0.162,,,
1637,2026-04-27,SH601658,0.02629099041223526,EXP_XGBModel_Alpha158_csi300_custom_step0_s_20260427_14,74daf7769f1b4612b7a65e8b4d0b3909,0.162,,,
1638,2026-04-27,SH601818,0.004117635078728199,EXP_XGBModel_Alpha158_csi300_custom_step0_s_20260427_14,74daf7769f1b4612b7a65e8b4d0b3909,0.162,,,
1639,2026-04-27,SH601838,-0.03387124836444855,EXP_XGBModel_Alpha158_csi300_custom_step0_s_20260427_14,74daf7769f1b4612b7a65e8b4d0b3909,0.162,,,
1640,2026-04-27,SH601857,0.005557502154260874,EXP_XGBModel_Alpha158_csi300_custom_step0_s_20260427_14,74daf7769f1b4612b7a65e8b4d0b3909,0.162,,,
1641,2026-04-27,SH601868,-0.012335558421909809,EXP_XGBModel_Alpha158_csi300_custom_step0_s_20260427_14,74daf7769f1b4612b7a65e8b4d0b3909,0.162,,,
1642,2026-04-27,SH601872,-0.006954738404601812,EXP_XGBModel_Alpha158_csi300_custom_step0_s_20260427_14,74daf7769f1b4612b7a65e8b4d0b3909,0.162,,,
1643,2026-04-27,SH601877,-0.017414515838027,EXP_XGBModel_Alpha158_csi300_custom_step0_s_20260427_14,74daf7769f1b4612b7a65e8b4d0b3909,0.162,,,
1644,2026-04-27,SH601878,0.003030285472050309,EXP_XGBModel_Alpha158_csi300_custom_step0_s_20260427_14,74daf7769f1b4612b7a65e8b4d0b3909,0.162,,,
1645,2026-04-27,SH601881,-0.040087081491947174,EXP_XGBModel_Alpha158_csi300_custom_step0_s_20260427_14,74daf7769f1b4612b7a65e8b4d0b3909,0.162,,,
1646,2026-04-27,SH601888,-0.043703608214855194,EXP_XGBModel_Alpha158_csi300_custom_step0_s_20260427_14,74daf7769f1b4612b7a65e8b4d0b3909,0.162,,,
1647,2026-04-27,SH601898,-0.04346591234207153,EXP_XGBModel_Alpha158_csi300_custom_step0_s_20260427_14,74daf7769f1b4612b7a65e8b4d0b3909,0.162,,,
1648,2026-04-27,SH601899,-0.009172775782644749,EXP_XGBModel_Alpha158_csi300_custom_step0_s_20260427_14,74daf7769f1b4612b7a65e8b4d0b3909,0.162,,,
1649,2026-04-27,SH601901,0.014190204441547394,EXP_XGBModel_Alpha158_csi300_custom_step0_s_20260427_14,74daf7769f1b4612b7a65e8b4d0b3909,0.162,,,
1650,2026-04-27,SH601825,-0.00024116990971378982,EXP_XGBModel_Alpha158_csi300_custom_step0_s_20260427_14,74daf7769f1b4612b7a65e8b4d0b3909,0.162,,,
1651,2026-04-27,SH601117,-0.06772404164075851,EXP_XGBModel_Alpha158_csi300_custom_step0_s_20260427_14,74daf7769f1b4612b7a65e8b4d0b3909,0.162,,,
1652,2026-04-27,SH601633,-0.009635143913328648,EXP_XGBModel_Alpha158_csi300_custom_step0_s_20260427_14,74daf7769f1b4612b7a65e8b4d0b3909,0.162,,,
1653,2026-04-27,SH601618,-0.05410999059677124,EXP_XGBModel_Alpha158_csi300_custom_step0_s_20260427_14,74daf7769f1b4612b7a65e8b4d0b3909,0.162,,,
1654,2026-04-27,SH601136,-0.03972454369068146,EXP_XGBModel_Alpha158_csi300_custom_step0_s_20260427_14,74daf7769f1b4612b7a65e8b4d0b3909,0.162,,,
1655,2026-04-27,SH601138,0.046139366924762726,EXP_XGBModel_Alpha158_csi300_custom_step0_s_20260427_14,74daf7769f1b4612b7a65e8b4d0b3909,0.162,,,
1656,2026-04-27,SH601166,0.010887651704251766,EXP_XGBModel_Alpha158_csi300_custom_step0_s_20260427_14,74daf7769f1b4612b7a65e8b4d0b3909,0.162,,,
1657,2026-04-27,SH601169,0.023970693349838257,EXP_XGBModel_Alpha158_csi300_custom_step0_s_20260427_14,74daf7769f1b4612b7a65e8b4d0b3909,0.162,,,
1658,2026-04-27,SH601186,-0.030230628326535225,EXP_XGBModel_Alpha158_csi300_custom_step0_s_20260427_14,74daf7769f1b4612b7a65e8b4d0b3909,0.162,,,
1659,2026-04-27,SH601211,-0.019065845757722855,EXP_XGBModel_Alpha158_csi300_custom_step0_s_20260427_14,74daf7769f1b4612b7a65e8b4d0b3909,0.162,,,
1660,2026-04-27,SH601225,-0.03174538537859917,EXP_XGBModel_Alpha158_csi300_custom_step0_s_20260427_14,74daf7769f1b4612b7a65e8b4d0b3909,0.162,,,
1661,2026-04-27,SH601229,-0.005985764786601067,EXP_XGBModel_Alpha158_csi300_custom_step0_s_20260427_14,74daf7769f1b4612b7a65e8b4d0b3909,0.162,,,
1662,2026-04-27,SH601236,0.012019329704344273,EXP_XGBModel_Alpha158_csi300_custom_step0_s_20260427_14,74daf7769f1b4612b7a65e8b4d0b3909,0.162,,,
1663,2026-04-27,SH601238,0.014173115603625774,EXP_XGBModel_Alpha158_csi300_custom_step0_s_20260427_14,74daf7769f1b4612b7a65e8b4d0b3909,0.162,,,
1664,2026-04-27,SH601288,-0.0013722077710554004,EXP_XGBModel_Alpha158_csi300_custom_step0_s_20260427_14,74daf7769f1b4612b7a65e8b4d0b3909,0.162,,,
1665,2026-04-27,SH601628,0.04343428835272789,EXP_XGBModel_Alpha158_csi300_custom_step0_s_20260427_14,74daf7769f1b4612b7a65e8b4d0b3909,0.162,,,
1666,2026-04-27,SH601298,0.010322890244424343,EXP_XGBModel_Alpha158_csi300_custom_step0_s_20260427_14,74daf7769f1b4612b7a65e8b4d0b3909,0.162,,,
1667,2026-04-27,SH601319,-0.05000259727239609,EXP_XGBModel_Alpha158_csi300_custom_step0_s_20260427_14,74daf7769f1b4612b7a65e8b4d0b3909,0.162,,,
1668,2026-04-27,SH601328,0.03437880054116249,EXP_XGBModel_Alpha158_csi300_custom_step0_s_20260427_14,74daf7769f1b4612b7a65e8b4d0b3909,0.162,,,
1669,2026-04-27,SH601336,0.03728295490145683,EXP_XGBModel_Alpha158_csi300_custom_step0_s_20260427_14,74daf7769f1b4612b7a65e8b4d0b3909,0.162,,,
1670,2026-04-27,SH601360,0.02232607826590538,EXP_XGBModel_Alpha158_csi300_custom_step0_s_20260427_14,74daf7769f1b4612b7a65e8b4d0b3909,0.162,,,
1671,2026-04-27,SH601377,0.01532632764428854,EXP_XGBModel_Alpha158_csi300_custom_step0_s_20260427_14,74daf7769f1b4612b7a65e8b4d0b3909,0.162,,,
1672,2026-04-27,SH601390,-0.020850030705332756,EXP_XGBModel_Alpha158_csi300_custom_step0_s_20260427_14,74daf7769f1b4612b7a65e8b4d0b3909,0.162,,,
1673,2026-04-27,SH601398,0.03291308879852295,EXP_XGBModel_Alpha158_csi300_custom_step0_s_20260427_14,74daf7769f1b4612b7a65e8b4d0b3909,0.162,,,
1674,2026-04-27,SH601456,0.012935993261635303,EXP_XGBModel_Alpha158_csi300_custom_step0_s_20260427_14,74daf7769f1b4612b7a65e8b4d0b3909,0.162,,,
1675,2026-04-27,SH601600,-0.0072851344011723995,EXP_XGBModel_Alpha158_csi300_custom_step0_s_20260427_14,74daf7769f1b4612b7a65e8b4d0b3909,0.162,,,
1676,2026-04-27,SH601601,-0.015111410990357399,EXP_XGBModel_Alpha158_csi300_custom_step0_s_20260427_14,74daf7769f1b4612b7a65e8b4d0b3909,0.162,,,
1677,2026-04-27,SH601607,-0.008498472161591053,EXP_XGBModel_Alpha158_csi300_custom_step0_s_20260427_14,74daf7769f1b4612b7a65e8b4d0b3909,0.162,,,
1678,2026-04-27,SH601318,0.0080125005915761,EXP_XGBModel_Alpha158_csi300_custom_step0_s_20260427_14,74daf7769f1b4612b7a65e8b4d0b3909,0.162,,,
1679,2026-04-27,SH600346,-0.029196925461292267,EXP_XGBModel_Alpha158_csi300_custom_step0_s_20260427_14,74daf7769f1b4612b7a65e8b4d0b3909,0.162,,,
1680,2026-04-27,SH600309,0.0063347723335027695,EXP_XGBModel_Alpha158_csi300_custom_step0_s_20260427_14,74daf7769f1b4612b7a65e8b4d0b3909,0.162,,,
1681,2026-04-27,SH600276,0.015375607647001743,EXP_XGBModel_Alpha158_csi300_custom_step0_s_20260427_14,74daf7769f1b4612b7a65e8b4d0b3909,0.162,,,
1682,2026-04-27,SZ002601,0.03143195062875748,EXP_LinearModel_Alpha158_csi300_custom_step0_s_20260427_14,a2f8d66dca5146e0a3ed3dfec10a639f,0.136,,,
1683,2026-04-27,SZ002625,-0.12631921470165253,EXP_LinearModel_Alpha158_csi300_custom_step0_s_20260427_14,a2f8d66dca5146e0a3ed3dfec10a639f,0.136,,,
1684,2026-04-27,SZ002648,0.209571972489357,EXP_LinearModel_Alpha158_csi300_custom_step0_s_20260427_14,a2f8d66dca5146e0a3ed3dfec10a639f,0.136,,,
1685,2026-04-27,SZ002709,-0.008596919476985931,EXP_LinearModel_Alpha158_csi300_custom_step0_s_20260427_14,a2f8d66dca5146e0a3ed3dfec10a639f,0.136,,,
1686,2026-04-27,SZ002714,-0.12009984999895096,EXP_LinearModel_Alpha158_csi300_custom_step0_s_20260427_14,a2f8d66dca5146e0a3ed3dfec10a639f,0.136,,,
1687,2026-04-27,SZ002736,-0.08872164040803909,EXP_LinearModel_Alpha158_csi300_custom_step0_s_20260427_14,a2f8d66dca5146e0a3ed3dfec10a639f,0.136,,,
1688,2026-04-27,SZ002916,0.08857601881027222,EXP_LinearModel_Alpha158_csi300_custom_step0_s_20260427_14,a2f8d66dca5146e0a3ed3dfec10a639f,0.136,,,
1689,2026-04-27,SZ002920,-0.027567913755774498,EXP_LinearModel_Alpha158_csi300_custom_step0_s_20260427_14,a2f8d66dca5146e0a3ed3dfec10a639f,0.136,,,
1690,2026-04-27,SZ002938,0.053511135280132294,EXP_LinearModel_Alpha158_csi300_custom_step0_s_20260427_14,a2f8d66dca5146e0a3ed3dfec10a639f,0.136,,,
1691,2026-04-27,SZ003816,0.09868650883436203,EXP_LinearModel_Alpha158_csi300_custom_step0_s_20260427_14,a2f8d66dca5146e0a3ed3dfec10a639f,0.136,,,
1692,2026-04-27,SZ300014,-0.005689927376806736,EXP_LinearModel_Alpha158_csi300_custom_step0_s_20260427_14,a2f8d66dca5146e0a3ed3dfec10a639f,0.136,,,
1693,2026-04-27,SZ002600,0.007673615124076605,EXP_LinearModel_Alpha158_csi300_custom_step0_s_20260427_14,a2f8d66dca5146e0a3ed3dfec10a639f,0.136,,,
1694,2026-04-27,SZ300015,-0.0018143393099308014,EXP_LinearModel_Alpha158_csi300_custom_step0_s_20260427_14,a2f8d66dca5146e0a3ed3dfec10a639f,0.136,,,
1695,2026-04-27,SZ300059,-0.04744027182459831,EXP_LinearModel_Alpha158_csi300_custom_step0_s_20260427_14,a2f8d66dca5146e0a3ed3dfec10a639f,0.136,,,
1696,2026-04-27,SZ300122,0.033138010650873184,EXP_LinearModel_Alpha158_csi300_custom_step0_s_20260427_14,a2f8d66dca5146e0a3ed3dfec10a639f,0.136,,,
1697,2026-04-27,SZ300124,0.08180275559425354,EXP_LinearModel_Alpha158_csi300_custom_step0_s_20260427_14,a2f8d66dca5146e0a3ed3dfec10a639f,0.136,,,
1698,2026-04-27,SZ300251,0.1707880049943924,EXP_LinearModel_Alpha158_csi300_custom_step0_s_20260427_14,a2f8d66dca5146e0a3ed3dfec10a639f,0.136,,,
1699,2026-04-27,SZ300274,0.28397607803344727,EXP_LinearModel_Alpha158_csi300_custom_step0_s_20260427_14,a2f8d66dca5146e0a3ed3dfec10a639f,0.136,,,
1700,2026-04-27,SZ300308,-0.050838299095630646,EXP_LinearModel_Alpha158_csi300_custom_step0_s_20260427_14,a2f8d66dca5146e0a3ed3dfec10a639f,0.136,,,
1701,2026-04-27,SZ300316,0.059039726853370667,EXP_LinearModel_Alpha158_csi300_custom_step0_s_20260427_14,a2f8d66dca5146e0a3ed3dfec10a639f,0.136,,,
1702,2026-04-27,SZ300347,-0.08100458979606628,EXP_LinearModel_Alpha158_csi300_custom_step0_s_20260427_14,a2f8d66dca5146e0a3ed3dfec10a639f,0.136,,,
1703,2026-04-27,SZ300394,0.19968661665916443,EXP_LinearModel_Alpha158_csi300_custom_step0_s_20260427_14,a2f8d66dca5146e0a3ed3dfec10a639f,0.136,,,
1704,2026-04-27,SZ300408,-0.019581563770771027,EXP_LinearModel_Alpha158_csi300_custom_step0_s_20260427_14,a2f8d66dca5146e0a3ed3dfec10a639f,0.136,,,
1705,2026-04-27,SZ300413,-0.0068053919821977615,EXP_LinearModel_Alpha158_csi300_custom_step0_s_20260427_14,a2f8d66dca5146e0a3ed3dfec10a639f,0.136,,,
1706,2026-04-27,SZ300033,0.035850077867507935,EXP_LinearModel_Alpha158_csi300_custom_step0_s_20260427_14,a2f8d66dca5146e0a3ed3dfec10a639f,0.136,,,
1707,2026-04-27,SZ300418,-0.06581678241491318,EXP_LinearModel_Alpha158_csi300_custom_step0_s_20260427_14,a2f8d66dca5146e0a3ed3dfec10a639f,0.136,,,
1708,2026-04-27,SZ002594,0.10915227234363556,EXP_LinearModel_Alpha158_csi300_custom_step0_s_20260427_14,a2f8d66dca5146e0a3ed3dfec10a639f,0.136,,,
1709,2026-04-27,SZ002475,0.09368795156478882,EXP_LinearModel_Alpha158_csi300_custom_step0_s_20260427_14,a2f8d66dca5146e0a3ed3dfec10a639f,0.136,,,
1710,2026-04-27,SZ001979,-0.06220928579568863,EXP_LinearModel_Alpha158_csi300_custom_step0_s_20260427_14,a2f8d66dca5146e0a3ed3dfec10a639f,0.136,,,
1711,2026-04-27,SZ002001,0.1055532768368721,EXP_LinearModel_Alpha158_csi300_custom_step0_s_20260427_14,a2f8d66dca5146e0a3ed3dfec10a639f,0.136,,,
1712,2026-04-27,SZ002027,-0.030108630657196045,EXP_LinearModel_Alpha158_csi300_custom_step0_s_20260427_14,a2f8d66dca5146e0a3ed3dfec10a639f,0.136,,,
1713,2026-04-27,SZ002028,-0.1810438185930252,EXP_LinearModel_Alpha158_csi300_custom_step0_s_20260427_14,a2f8d66dca5146e0a3ed3dfec10a639f,0.136,,,
1714,2026-04-27,SZ002049,-0.047660376876592636,EXP_LinearModel_Alpha158_csi300_custom_step0_s_20260427_14,a2f8d66dca5146e0a3ed3dfec10a639f,0.136,,,
1715,2026-04-27,SZ002050,0.06985302269458771,EXP_LinearModel_Alpha158_csi300_custom_step0_s_20260427_14,a2f8d66dca5146e0a3ed3dfec10a639f,0.136,,,
1716,2026-04-27,SZ002074,0.09581182152032852,EXP_LinearModel_Alpha158_csi300_custom_step0_s_20260427_14,a2f8d66dca5146e0a3ed3dfec10a639f,0.136,,,
1717,2026-04-27,SZ002142,-0.09534411132335663,EXP_LinearModel_Alpha158_csi300_custom_step0_s_20260427_14,a2f8d66dca5146e0a3ed3dfec10a639f,0.136,,,
1718,2026-04-27,SZ002179,0.07826655358076096,EXP_LinearModel_Alpha158_csi300_custom_step0_s_20260427_14,a2f8d66dca5146e0a3ed3dfec10a639f,0.136,,,
1719,2026-04-27,SZ002230,0.009546488523483276,EXP_LinearModel_Alpha158_csi300_custom_step0_s_20260427_14,a2f8d66dca5146e0a3ed3dfec10a639f,0.136,,,
1720,2026-04-27,SZ002236,0.01888873055577278,EXP_LinearModel_Alpha158_csi300_custom_step0_s_20260427_14,a2f8d66dca5146e0a3ed3dfec10a639f,0.136,,,
1721,2026-04-27,SZ002493,-0.013967255130410194,EXP_LinearModel_Alpha158_csi300_custom_step0_s_20260427_14,a2f8d66dca5146e0a3ed3dfec10a639f,0.136,,,
1722,2026-04-27,SZ002241,-0.03312842920422554,EXP_LinearModel_Alpha158_csi300_custom_step0_s_20260427_14,a2f8d66dca5146e0a3ed3dfec10a639f,0.136,,,
1723,2026-04-27,SZ002304,0.04376692324876785,EXP_LinearModel_Alpha158_csi300_custom_step0_s_20260427_14,a2f8d66dca5146e0a3ed3dfec10a639f,0.136,,,
1724,2026-04-27,SZ002311,-0.13137975335121155,EXP_LinearModel_Alpha158_csi300_custom_step0_s_20260427_14,a2f8d66dca5146e0a3ed3dfec10a639f,0.136,,,
1725,2026-04-27,SZ002352,0.005599036812782288,EXP_LinearModel_Alpha158_csi300_custom_step0_s_20260427_14,a2f8d66dca5146e0a3ed3dfec10a639f,0.136,,,
1726,2026-04-27,SZ002371,-0.02705717831850052,EXP_LinearModel_Alpha158_csi300_custom_step0_s_20260427_14,a2f8d66dca5146e0a3ed3dfec10a639f,0.136,,,
1727,2026-04-27,SZ002384,0.3280678391456604,EXP_LinearModel_Alpha158_csi300_custom_step0_s_20260427_14,a2f8d66dca5146e0a3ed3dfec10a639f,0.136,,,
1728,2026-04-27,SZ002415,0.04899363964796066,EXP_LinearModel_Alpha158_csi300_custom_step0_s_20260427_14,a2f8d66dca5146e0a3ed3dfec10a639f,0.136,,,
1729,2026-04-27,SZ002422,-0.026175737380981445,EXP_LinearModel_Alpha158_csi300_custom_step0_s_20260427_14,a2f8d66dca5146e0a3ed3dfec10a639f,0.136,,,
1730,2026-04-27,SZ002459,0.15213274955749512,EXP_LinearModel_Alpha158_csi300_custom_step0_s_20260427_14,a2f8d66dca5146e0a3ed3dfec10a639f,0.136,,,
1731,2026-04-27,SZ002460,0.21840281784534454,EXP_LinearModel_Alpha158_csi300_custom_step0_s_20260427_14,a2f8d66dca5146e0a3ed3dfec10a639f,0.136,,,
1732,2026-04-27,SZ002463,-0.04347481578588486,EXP_LinearModel_Alpha158_csi300_custom_step0_s_20260427_14,a2f8d66dca5146e0a3ed3dfec10a639f,0.136,,,
1733,2026-04-27,SZ002466,0.20874862372875214,EXP_LinearModel_Alpha158_csi300_custom_step0_s_20260427_14,a2f8d66dca5146e0a3ed3dfec10a639f,0.136,,,
1734,2026-04-27,SZ002252,-0.04187938570976257,EXP_LinearModel_Alpha158_csi300_custom_step0_s_20260427_14,a2f8d66dca5146e0a3ed3dfec10a639f,0.136,,,
1735,2026-04-27,SZ300433,0.06477541476488113,EXP_LinearModel_Alpha158_csi300_custom_step0_s_20260427_14,a2f8d66dca5146e0a3ed3dfec10a639f,0.136,,,
1736,2026-04-27,SZ300442,-0.09686388820409775,EXP_LinearModel_Alpha158_csi300_custom_step0_s_20260427_14,a2f8d66dca5146e0a3ed3dfec10a639f,0.136,,,
1737,2026-04-27,SZ300476,0.0312630720436573,EXP_LinearModel_Alpha158_csi300_custom_step0_s_20260427_14,a2f8d66dca5146e0a3ed3dfec10a639f,0.136,,,
1738,2026-04-27,SH600028,-0.09215613454580307,EXP_XGBModel_Alpha158_csi300_custom_step0_s_20260427_14,74daf7769f1b4612b7a65e8b4d0b3909,0.162,,,
1739,2026-04-27,SH600029,-0.026376452296972275,EXP_XGBModel_Alpha158_csi300_custom_step0_s_20260427_14,74daf7769f1b4612b7a65e8b4d0b3909,0.162,,,
1740,2026-04-27,SH600030,-0.014353984966874123,EXP_XGBModel_Alpha158_csi300_custom_step0_s_20260427_14,74daf7769f1b4612b7a65e8b4d0b3909,0.162,,,
1741,2026-04-27,SH600031,-0.011845812201499939,EXP_XGBModel_Alpha158_csi300_custom_step0_s_20260427_14,74daf7769f1b4612b7a65e8b4d0b3909,0.162,,,
1742,2026-04-27,SH600036,0.01090006809681654,EXP_XGBModel_Alpha158_csi300_custom_step0_s_20260427_14,74daf7769f1b4612b7a65e8b4d0b3909,0.162,,,
1743,2026-04-27,SH600039,-0.003417791100218892,EXP_XGBModel_Alpha158_csi300_custom_step0_s_20260427_14,74daf7769f1b4612b7a65e8b4d0b3909,0.162,,,
1744,2026-04-27,SH600048,0.005699805449694395,EXP_XGBModel_Alpha158_csi300_custom_step0_s_20260427_14,74daf7769f1b4612b7a65e8b4d0b3909,0.162,,,
1745,2026-04-27,SH600050,0.013595988042652607,EXP_XGBModel_Alpha158_csi300_custom_step0_s_20260427_14,74daf7769f1b4612b7a65e8b4d0b3909,0.162,,,
1746,2026-04-27,SH600061,-0.022976726293563843,EXP_XGBModel_Alpha158_csi300_custom_step0_s_20260427_14,74daf7769f1b4612b7a65e8b4d0b3909,0.162,,,
1747,2026-04-27,SH600066,0.029703032225370407,EXP_XGBModel_Alpha158_csi300_custom_step0_s_20260427_14,74daf7769f1b4612b7a65e8b4d0b3909,0.162,,,
1748,2026-04-27,SH600085,-0.012209897860884666,EXP_XGBModel_Alpha158_csi300_custom_step0_s_20260427_14,74daf7769f1b4612b7a65e8b4d0b3909,0.162,,,
1749,2026-04-27,SH600027,0.01714322529733181,EXP_XGBModel_Alpha158_csi300_custom_step0_s_20260427_14,74daf7769f1b4612b7a65e8b4d0b3909,0.162,,,
1750,2026-04-27,SH600089,-0.01869107037782669,EXP_XGBModel_Alpha158_csi300_custom_step0_s_20260427_14,74daf7769f1b4612b7a65e8b4d0b3909,0.162,,,
1751,2026-04-27,SH600111,-0.01907544583082199,EXP_XGBModel_Alpha158_csi300_custom_step0_s_20260427_14,74daf7769f1b4612b7a65e8b4d0b3909,0.162,,,
1752,2026-04-27,SH600115,-0.019000425934791565,EXP_XGBModel_Alpha158_csi300_custom_step0_s_20260427_14,74daf7769f1b4612b7a65e8b4d0b3909,0.162,,,
1753,2026-04-27,SH600150,-0.02244369499385357,EXP_XGBModel_Alpha158_csi300_custom_step0_s_20260427_14,74daf7769f1b4612b7a65e8b4d0b3909,0.162,,,
1754,2026-04-27,SH600160,-0.014939992688596249,EXP_XGBModel_Alpha158_csi300_custom_step0_s_20260427_14,74daf7769f1b4612b7a65e8b4d0b3909,0.162,,,
1755,2026-04-27,SH600161,-0.030467450618743896,EXP_XGBModel_Alpha158_csi300_custom_step0_s_20260427_14,74daf7769f1b4612b7a65e8b4d0b3909,0.162,,,
1756,2026-04-27,SH600176,0.040789999067783356,EXP_XGBModel_Alpha158_csi300_custom_step0_s_20260427_14,74daf7769f1b4612b7a65e8b4d0b3909,0.162,,,
1757,2026-04-27,SH600183,-0.1502518206834793,EXP_XGBModel_Alpha158_csi300_custom_step0_s_20260427_14,74daf7769f1b4612b7a65e8b4d0b3909,0.162,,,
1758,2026-04-27,SH600188,-0.05027075111865997,EXP_XGBModel_Alpha158_csi300_custom_step0_s_20260427_14,74daf7769f1b4612b7a65e8b4d0b3909,0.162,,,
1759,2026-04-27,SH600196,-0.04078005626797676,EXP_XGBModel_Alpha158_csi300_custom_step0_s_20260427_14,74daf7769f1b4612b7a65e8b4d0b3909,0.162,,,
1760,2026-04-27,SH600219,-0.020807594060897827,EXP_XGBModel_Alpha158_csi300_custom_step0_s_20260427_14,74daf7769f1b4612b7a65e8b4d0b3909,0.162,,,
1761,2026-04-27,SH600233,-0.0015731292078271508,EXP_XGBModel_Alpha158_csi300_custom_step0_s_20260427_14,74daf7769f1b4612b7a65e8b4d0b3909,0.162,,,
1762,2026-04-27,SH600104,-0.024641389027237892,EXP_XGBModel_Alpha158_csi300_custom_step0_s_20260427_14,74daf7769f1b4612b7a65e8b4d0b3909,0.162,,,
1763,2026-04-27,SH600026,-0.020067710429430008,EXP_XGBModel_Alpha158_csi300_custom_step0_s_20260427_14,74daf7769f1b4612b7a65e8b4d0b3909,0.162,,,
1764,2026-04-27,SH600025,0.017200930044054985,EXP_XGBModel_Alpha158_csi300_custom_step0_s_20260427_14,74daf7769f1b4612b7a65e8b4d0b3909,0.162,,,
1765,2026-04-27,SH600023,-0.018057165667414665,EXP_XGBModel_Alpha158_csi300_custom_step0_s_20260427_14,74daf7769f1b4612b7a65e8b4d0b3909,0.162,,,
1766,2026-04-27,SZ300498,-0.050403207540512085,EXP_LinearModel_Alpha158_csi300_custom_step0_s_20260427_14,a2f8d66dca5146e0a3ed3dfec10a639f,0.136,,,
1767,2026-04-27,SZ300502,0.08100484311580658,EXP_LinearModel_Alpha158_csi300_custom_step0_s_20260427_14,a2f8d66dca5146e0a3ed3dfec10a639f,0.136,,,
1768,2026-04-27,SZ300628,0.08985695242881775,EXP_LinearModel_Alpha158_csi300_custom_step0_s_20260427_14,a2f8d66dca5146e0a3ed3dfec10a639f,0.136,,,
1769,2026-04-27,SZ300661,-0.015262003988027573,EXP_LinearModel_Alpha158_csi300_custom_step0_s_20260427_14,a2f8d66dca5146e0a3ed3dfec10a639f,0.136,,,
1770,2026-04-27,SZ300750,0.08804789185523987,EXP_LinearModel_Alpha158_csi300_custom_step0_s_20260427_14,a2f8d66dca5146e0a3ed3dfec10a639f,0.136,,,
1771,2026-04-27,SZ300759,0.1655297875404358,EXP_LinearModel_Alpha158_csi300_custom_step0_s_20260427_14,a2f8d66dca5146e0a3ed3dfec10a639f,0.136,,,
1772,2026-04-27,SZ300760,-0.07804875820875168,EXP_LinearModel_Alpha158_csi300_custom_step0_s_20260427_14,a2f8d66dca5146e0a3ed3dfec10a639f,0.136,,,
1773,2026-04-27,SZ300782,0.006082044914364815,EXP_LinearModel_Alpha158_csi300_custom_step0_s_20260427_14,a2f8d66dca5146e0a3ed3dfec10a639f,0.136,,,
1774,2026-04-27,SZ300803,0.014211142435669899,EXP_LinearModel_Alpha158_csi300_custom_step0_s_20260427_14,a2f8d66dca5146e0a3ed3dfec10a639f,0.136,,,
1775,2026-04-27,SZ300832,-0.07089507579803467,EXP_LinearModel_Alpha158_csi300_custom_step0_s_20260427_14,a2f8d66dca5146e0a3ed3dfec10a639f,0.136,,,
1776,2026-04-27,SZ300866,0.16085653007030487,EXP_LinearModel_Alpha158_csi300_custom_step0_s_20260427_14,a2f8d66dca5146e0a3ed3dfec10a639f,0.136,,,
1777,2026-04-27,SZ300896,-0.07097078114748001,EXP_LinearModel_Alpha158_csi300_custom_step0_s_20260427_14,a2f8d66dca5146e0a3ed3dfec10a639f,0.136,,,
1778,2026-04-27,SZ300979,-0.10290619730949402,EXP_LinearModel_Alpha158_csi300_custom_step0_s_20260427_14,a2f8d66dca5146e0a3ed3dfec10a639f,0.136,,,
1779,2026-04-27,SZ300999,-0.008193019777536392,EXP_LinearModel_Alpha158_csi300_custom_step0_s_20260427_14,a2f8d66dca5146e0a3ed3dfec10a639f,0.136,,,
1780,2026-04-27,SZ301236,-0.09174098074436188,EXP_LinearModel_Alpha158_csi300_custom_step0_s_20260427_14,a2f8d66dca5146e0a3ed3dfec10a639f,0.136,,,
1781,2026-04-27,SZ301269,-0.01830676570534706,EXP_LinearModel_Alpha158_csi300_custom_step0_s_20260427_14,a2f8d66dca5146e0a3ed3dfec10a639f,0.136,,,
1782,2026-04-27,SZ302132,-0.012364540249109268,EXP_LinearModel_Alpha158_csi300_custom_step0_s_20260427_14,a2f8d66dca5146e0a3ed3dfec10a639f,0.136,,,
1783,2026-04-27,SH600000,-0.01114408764988184,EXP_XGBModel_Alpha158_csi300_custom_step0_s_20260427_14,74daf7769f1b4612b7a65e8b4d0b3909,0.162,,,
1784,2026-04-27,SH600009,-0.0005517101380974054,EXP_XGBModel_Alpha158_csi300_custom_step0_s_20260427_14,74daf7769f1b4612b7a65e8b4d0b3909,0.162,,,
1785,2026-04-27,SH600010,-0.020462019369006157,EXP_XGBModel_Alpha158_csi300_custom_step0_s_20260427_14,74daf7769f1b4612b7a65e8b4d0b3909,0.162,,,
1786,2026-04-27,SH600011,0.01604493334889412,EXP_XGBModel_Alpha158_csi300_custom_step0_s_20260427_14,74daf7769f1b4612b7a65e8b4d0b3909,0.162,,,
1787,2026-04-27,SH600015,-0.005109470337629318,EXP_XGBModel_Alpha158_csi300_custom_step0_s_20260427_14,74daf7769f1b4612b7a65e8b4d0b3909,0.162,,,
1788,2026-04-27,SH600016,0.013165268115699291,EXP_XGBModel_Alpha158_csi300_custom_step0_s_20260427_14,74daf7769f1b4612b7a65e8b4d0b3909,0.162,,,
1789,2026-04-27,SH600018,-0.008202377706766129,EXP_XGBModel_Alpha158_csi300_custom_step0_s_20260427_14,74daf7769f1b4612b7a65e8b4d0b3909,0.162,,,
1790,2026-04-27,SH600019,0.006679192651063204,EXP_XGBModel_Alpha158_csi300_custom_step0_s_20260427_14,74daf7769f1b4612b7a65e8b4d0b3909,0.162,,,
1791,2026-04-27,SH600000,-0.04063847288489342,EXP_LinearModel_Alpha158_csi300_custom_step0_s_20260427_14,a2f8d66dca5146e0a3ed3dfec10a639f,0.136,,,
1792,2026-04-27,SH600000,-0.05231522571504148,EXP_DEnsembleModel_Alpha158_csi300_custom_step0_s_20260427_14,c5577474b61e416c9f19ed4ade4137ed,0.071,,,
1793,2026-04-27,SZ302132,-0.03965480644377992,EXP_DEnsembleModel_Alpha158_csi300_custom_step0_s_20260427_14,b03ff0b5e410474682dd4e8f09c3bedd,0.15,,,
1794,2026-04-27,SZ301269,0.05818349018808888,EXP_DEnsembleModel_Alpha158_csi300_custom_step0_s_20260427_14,b03ff0b5e410474682dd4e8f09c3bedd,0.15,,,
1795,2026-04-27,SZ300832,-0.03165753163200451,EXP_CatBoostModel_Alpha158_csi300_custom_step0_s_20260427_16,732dbce90c3341569abc8dd8e704d2a2,0.012,,,
1796,2026-04-27,SZ300866,0.02978028603924698,EXP_CatBoostModel_Alpha158_csi300_custom_step0_s_20260427_16,732dbce90c3341569abc8dd8e704d2a2,0.012,,,
1797,2026-04-27,SZ300896,0.0032847518292659366,EXP_CatBoostModel_Alpha158_csi300_custom_step0_s_20260427_16,732dbce90c3341569abc8dd8e704d2a2,0.012,,,
1798,2026-04-27,SZ300979,-0.025730731856578856,EXP_CatBoostModel_Alpha158_csi300_custom_step0_s_20260427_16,732dbce90c3341569abc8dd8e704d2a2,0.012,,,
1799,2026-04-27,SZ300999,-0.01369539328070792,EXP_CatBoostModel_Alpha158_csi300_custom_step0_s_20260427_16,732dbce90c3341569abc8dd8e704d2a2,0.012,,,
1800,2026-04-27,SZ301236,-0.12281611091363992,EXP_CatBoostModel_Alpha158_csi300_custom_step0_s_20260427_16,732dbce90c3341569abc8dd8e704d2a2,0.012,,,
1801,2026-04-27,SZ301269,-0.003409324817896844,EXP_CatBoostModel_Alpha158_csi300_custom_step0_s_20260427_16,732dbce90c3341569abc8dd8e704d2a2,0.012,,,
1802,2026-04-27,SZ302132,0.006047396320302149,EXP_CatBoostModel_Alpha158_csi300_custom_step0_s_20260427_16,732dbce90c3341569abc8dd8e704d2a2,0.012,,,
1803,2026-04-27,SH600000,-0.0023121727743249452,EXP_LGBModel_Alpha158_csi300_custom_step0_s_20260427_16,2b4d788c2de442818e394344bd545d1e,0.129,,,
1804,2026-04-27,SH600009,2.9451583979917814e-10,EXP_LGBModel_Alpha158_csi300_custom_step0_s_20260427_16,2b4d788c2de442818e394344bd545d1e,0.129,,,
1805,2026-04-27,SH600010,-0.0023121727743249452,EXP_LGBModel_Alpha158_csi300_custom_step0_s_20260427_16,2b4d788c2de442818e394344bd545d1e,0.129,,,
1806,2026-04-27,SZ300803,0.003679830322996524,EXP_CatBoostModel_Alpha158_csi300_custom_step0_s_20260427_16,732dbce90c3341569abc8dd8e704d2a2,0.012,,,
1807,2026-04-27,SH600011,2.9451583979917814e-10,EXP_LGBModel_Alpha158_csi300_custom_step0_s_20260427_16,2b4d788c2de442818e394344bd545d1e,0.129,,,
1808,2026-04-27,SH600016,0.0030654095595832893,EXP_LGBModel_Alpha158_csi300_custom_step0_s_20260427_16,2b4d788c2de442818e394344bd545d1e,0.129,,,
1809,2026-04-27,SH600018,2.9451583979917814e-10,EXP_LGBModel_Alpha158_csi300_custom_step0_s_20260427_16,2b4d788c2de442818e394344bd545d1e,0.129,,,
1810,2026-04-27,SH600019,2.9451583979917814e-10,EXP_LGBModel_Alpha158_csi300_custom_step0_s_20260427_16,2b4d788c2de442818e394344bd545d1e,0.129,,,
1811,2026-04-27,SH600023,2.9451583979917814e-10,EXP_LGBModel_Alpha158_csi300_custom_step0_s_20260427_16,2b4d788c2de442818e394344bd545d1e,0.129,,,
1812,2026-04-27,SH600025,2.9451583979917814e-10,EXP_LGBModel_Alpha158_csi300_custom_step0_s_20260427_16,2b4d788c2de442818e394344bd545d1e,0.129,,,
1813,2026-04-27,SH600026,-0.0023121727743249452,EXP_LGBModel_Alpha158_csi300_custom_step0_s_20260427_16,2b4d788c2de442818e394344bd545d1e,0.129,,,
1814,2026-04-27,SH600027,2.9451583979917814e-10,EXP_LGBModel_Alpha158_csi300_custom_step0_s_20260427_16,2b4d788c2de442818e394344bd545d1e,0.129,,,
1815,2026-04-27,SH600028,-0.0023121727743249452,EXP_LGBModel_Alpha158_csi300_custom_step0_s_20260427_16,2b4d788c2de442818e394344bd545d1e,0.129,,,
1816,2026-04-27,SH600029,-0.0023121727743249452,EXP_LGBModel_Alpha158_csi300_custom_step0_s_20260427_16,2b4d788c2de442818e394344bd545d1e,0.129,,,
1817,2026-04-27,SH600030,-0.001864707839783127,EXP_LGBModel_Alpha158_csi300_custom_step0_s_20260427_16,2b4d788c2de442818e394344bd545d1e,0.129,,,
1818,2026-04-27,SH600031,-0.0023121727743249452,EXP_LGBModel_Alpha158_csi300_custom_step0_s_20260427_16,2b4d788c2de442818e394344bd545d1e,0.129,,,
1819,2026-04-27,SH600015,0.0030654095595832893,EXP_LGBModel_Alpha158_csi300_custom_step0_s_20260427_16,2b4d788c2de442818e394344bd545d1e,0.129,,,
1820,2026-04-27,SH600036,0.0030654095595832893,EXP_LGBModel_Alpha158_csi300_custom_step0_s_20260427_16,2b4d788c2de442818e394344bd545d1e,0.129,,,
1821,2026-04-27,SZ300782,0.13044806920196178,EXP_CatBoostModel_Alpha158_csi300_custom_step0_s_20260427_16,732dbce90c3341569abc8dd8e704d2a2,0.012,,,
1822,2026-04-27,SZ300759,0.021125341514249472,EXP_CatBoostModel_Alpha158_csi300_custom_step0_s_20260427_16,732dbce90c3341569abc8dd8e704d2a2,0.012,,,
1823,2026-04-27,SZ003816,0.010457878939808153,EXP_CatBoostModel_Alpha158_csi300_custom_step0_s_20260427_16,732dbce90c3341569abc8dd8e704d2a2,0.012,,,
1824,2026-04-27,SZ300014,-0.00810948238383727,EXP_CatBoostModel_Alpha158_csi300_custom_step0_s_20260427_16,732dbce90c3341569abc8dd8e704d2a2,0.012,,,
1825,2026-04-27,SZ300015,0.011944858623672125,EXP_CatBoostModel_Alpha158_csi300_custom_step0_s_20260427_16,732dbce90c3341569abc8dd8e704d2a2,0.012,,,
1826,2026-04-27,SZ300033,-0.0009139335257014503,EXP_CatBoostModel_Alpha158_csi300_custom_step0_s_20260427_16,732dbce90c3341569abc8dd8e704d2a2,0.012,,,
1827,2026-04-27,SZ300059,-0.008118311602290122,EXP_CatBoostModel_Alpha158_csi300_custom_step0_s_20260427_16,732dbce90c3341569abc8dd8e704d2a2,0.012,,,
1828,2026-04-27,SZ300122,-0.016568815776538553,EXP_CatBoostModel_Alpha158_csi300_custom_step0_s_20260427_16,732dbce90c3341569abc8dd8e704d2a2,0.012,,,
1829,2026-04-27,SZ300124,-0.02029301646984638,EXP_CatBoostModel_Alpha158_csi300_custom_step0_s_20260427_16,732dbce90c3341569abc8dd8e704d2a2,0.012,,,
1830,2026-04-27,SZ300251,0.1493254014183031,EXP_CatBoostModel_Alpha158_csi300_custom_step0_s_20260427_16,732dbce90c3341569abc8dd8e704d2a2,0.012,,,
1831,2026-04-27,SZ300274,0.11642719630614132,EXP_CatBoostModel_Alpha158_csi300_custom_step0_s_20260427_16,732dbce90c3341569abc8dd8e704d2a2,0.012,,,
1832,2026-04-27,SZ300308,-0.19905886858297664,EXP_CatBoostModel_Alpha158_csi300_custom_step0_s_20260427_16,732dbce90c3341569abc8dd8e704d2a2,0.012,,,
1833,2026-04-27,SZ300316,0.005131859432380865,EXP_CatBoostModel_Alpha158_csi300_custom_step0_s_20260427_16,732dbce90c3341569abc8dd8e704d2a2,0.012,,,
1834,2026-04-27,SZ300760,-0.04347815805161208,EXP_CatBoostModel_Alpha158_csi300_custom_step0_s_20260427_16,732dbce90c3341569abc8dd8e704d2a2,0.012,,,
1835,2026-04-27,SZ300347,0.003753135769755954,EXP_CatBoostModel_Alpha158_csi300_custom_step0_s_20260427_16,732dbce90c3341569abc8dd8e704d2a2,0.012,,,
1836,2026-04-27,SZ300408,0.07326871397188157,EXP_CatBoostModel_Alpha158_csi300_custom_step0_s_20260427_16,732dbce90c3341569abc8dd8e704d2a2,0.012,,,
1837,2026-04-27,SZ300413,0.007586969064359176,EXP_CatBoostModel_Alpha158_csi300_custom_step0_s_20260427_16,732dbce90c3341569abc8dd8e704d2a2,0.012,,,
1838,2026-04-27,SZ300418,-0.025590993879100216,EXP_CatBoostModel_Alpha158_csi300_custom_step0_s_20260427_16,732dbce90c3341569abc8dd8e704d2a2,0.012,,,
1839,2026-04-27,SZ300433,-0.026950508310174117,EXP_CatBoostModel_Alpha158_csi300_custom_step0_s_20260427_16,732dbce90c3341569abc8dd8e704d2a2,0.012,,,
1840,2026-04-27,SZ300442,-0.016236846942008325,EXP_CatBoostModel_Alpha158_csi300_custom_step0_s_20260427_16,732dbce90c3341569abc8dd8e704d2a2,0.012,,,
1841,2026-04-27,SZ300476,0.049522774525415876,EXP_CatBoostModel_Alpha158_csi300_custom_step0_s_20260427_16,732dbce90c3341569abc8dd8e704d2a2,0.012,,,
1842,2026-04-27,SZ300498,-0.03314532240980013,EXP_CatBoostModel_Alpha158_csi300_custom_step0_s_20260427_16,732dbce90c3341569abc8dd8e704d2a2,0.012,,,
1843,2026-04-27,SZ300502,0.1354115327446755,EXP_CatBoostModel_Alpha158_csi300_custom_step0_s_20260427_16,732dbce90c3341569abc8dd8e704d2a2,0.012,,,
1844,2026-04-27,SZ300628,0.015523793357006236,EXP_CatBoostModel_Alpha158_csi300_custom_step0_s_20260427_16,732dbce90c3341569abc8dd8e704d2a2,0.012,,,
1845,2026-04-27,SZ300661,0.09123953787837404,EXP_CatBoostModel_Alpha158_csi300_custom_step0_s_20260427_16,732dbce90c3341569abc8dd8e704d2a2,0.012,,,
1846,2026-04-27,SZ300750,0.00344578361020023,EXP_CatBoostModel_Alpha158_csi300_custom_step0_s_20260427_16,732dbce90c3341569abc8dd8e704d2a2,0.012,,,
1847,2026-04-27,SZ300394,0.0291626469155942,EXP_CatBoostModel_Alpha158_csi300_custom_step0_s_20260427_16,732dbce90c3341569abc8dd8e704d2a2,0.012,,,
1848,2026-04-27,SZ002938,0.03688807404294869,EXP_CatBoostModel_Alpha158_csi300_custom_step0_s_20260427_16,732dbce90c3341569abc8dd8e704d2a2,0.012,,,
1849,2026-04-27,SH600039,2.9451583979917814e-10,EXP_LGBModel_Alpha158_csi300_custom_step0_s_20260427_16,2b4d788c2de442818e394344bd545d1e,0.129,,,
1850,2026-04-27,SH600050,-0.001864707839783127,EXP_LGBModel_Alpha158_csi300_custom_step0_s_20260427_16,2b4d788c2de442818e394344bd545d1e,0.129,,,
1851,2026-04-27,SH600482,2.9451583979917814e-10,EXP_LGBModel_Alpha158_csi300_custom_step0_s_20260427_16,2b4d788c2de442818e394344bd545d1e,0.129,,,
1852,2026-04-27,SH600489,2.9451583979917814e-10,EXP_LGBModel_Alpha158_csi300_custom_step0_s_20260427_16,2b4d788c2de442818e394344bd545d1e,0.129,,,
1853,2026-04-27,SH600515,-0.0023121727743249452,EXP_LGBModel_Alpha158_csi300_custom_step0_s_20260427_16,2b4d788c2de442818e394344bd545d1e,0.129,,,
1854,2026-04-27,SH600519,2.9451583979917814e-10,EXP_LGBModel_Alpha158_csi300_custom_step0_s_20260427_16,2b4d788c2de442818e394344bd545d1e,0.129,,,
1855,2026-04-27,SH600522,-0.0023121727743249452,EXP_LGBModel_Alpha158_csi300_custom_step0_s_20260427_16,2b4d788c2de442818e394344bd545d1e,0.129,,,
1856,2026-04-27,SH600547,-0.0023121727743249452,EXP_LGBModel_Alpha158_csi300_custom_step0_s_20260427_16,2b4d788c2de442818e394344bd545d1e,0.129,,,
1857,2026-04-27,SH600570,-0.001864707839783127,EXP_LGBModel_Alpha158_csi300_custom_step0_s_20260427_16,2b4d788c2de442818e394344bd545d1e,0.129,,,
1858,2026-04-27,SH600584,2.9451583979917814e-10,EXP_LGBModel_Alpha158_csi300_custom_step0_s_20260427_16,2b4d788c2de442818e394344bd545d1e,0.129,,,
1859,2026-04-27,SH600585,-0.0023121727743249452,EXP_LGBModel_Alpha158_csi300_custom_step0_s_20260427_16,2b4d788c2de442818e394344bd545d1e,0.129,,,
1860,2026-04-27,SH600588,2.9451583979917814e-10,EXP_LGBModel_Alpha158_csi300_custom_step0_s_20260427_16,2b4d788c2de442818e394344bd545d1e,0.129,,,
1861,2026-04-27,SH600600,0.0030654095595832893,EXP_LGBModel_Alpha158_csi300_custom_step0_s_20260427_16,2b4d788c2de442818e394344bd545d1e,0.129,,,
1862,2026-04-27,SH600460,2.9451583979917814e-10,EXP_LGBModel_Alpha158_csi300_custom_step0_s_20260427_16,2b4d788c2de442818e394344bd545d1e,0.129,,,
1863,2026-04-27,SH600660,2.9451583979917814e-10,EXP_LGBModel_Alpha158_csi300_custom_step0_s_20260427_16,2b4d788c2de442818e394344bd545d1e,0.129,,,
1864,2026-04-27,SH600690,2.9451583979917814e-10,EXP_LGBModel_Alpha158_csi300_custom_step0_s_20260427_16,2b4d788c2de442818e394344bd545d1e,0.129,,,
1865,2026-04-27,SH600741,2.9451583979917814e-10,EXP_LGBModel_Alpha158_csi300_custom_step0_s_20260427_16,2b4d788c2de442818e394344bd545d1e,0.129,,,
1866,2026-04-27,SH600760,-0.0023121727743249452,EXP_LGBModel_Alpha158_csi300_custom_step0_s_20260427_16,2b4d788c2de442818e394344bd545d1e,0.129,,,
1867,2026-04-27,SH600795,0.0030654095595832893,EXP_LGBModel_Alpha158_csi300_custom_step0_s_20260427_16,2b4d788c2de442818e394344bd545d1e,0.129,,,
1868,2026-04-27,SH600803,0.001962230900134645,EXP_LGBModel_Alpha158_csi300_custom_step0_s_20260427_16,2b4d788c2de442818e394344bd545d1e,0.129,,,
1869,2026-04-27,SH600809,0.001962230900134645,EXP_LGBModel_Alpha158_csi300_custom_step0_s_20260427_16,2b4d788c2de442818e394344bd545d1e,0.129,,,
1870,2026-04-27,SH600845,2.9451583979917814e-10,EXP_LGBModel_Alpha158_csi300_custom_step0_s_20260427_16,2b4d788c2de442818e394344bd545d1e,0.129,,,
1871,2026-04-27,SH600875,-0.0023121727743249452,EXP_LGBModel_Alpha158_csi300_custom_step0_s_20260427_16,2b4d788c2de442818e394344bd545d1e,0.129,,,
1872,2026-04-27,SH600886,2.9451583979917814e-10,EXP_LGBModel_Alpha158_csi300_custom_step0_s_20260427_16,2b4d788c2de442818e394344bd545d1e,0.129,,,
1873,2026-04-27,SH600887,2.9451583979917814e-10,EXP_LGBModel_Alpha158_csi300_custom_step0_s_20260427_16,2b4d788c2de442818e394344bd545d1e,0.129,,,
1874,2026-04-27,SH600893,2.9451583979917814e-10,EXP_LGBModel_Alpha158_csi300_custom_step0_s_20260427_16,2b4d788c2de442818e394344bd545d1e,0.129,,,
1875,2026-04-27,SH600674,2.9451583979917814e-10,EXP_LGBModel_Alpha158_csi300_custom_step0_s_20260427_16,2b4d788c2de442818e394344bd545d1e,0.129,,,
1876,2026-04-27,SH600048,-0.001864707839783127,EXP_LGBModel_Alpha158_csi300_custom_step0_s_20260427_16,2b4d788c2de442818e394344bd545d1e,0.129,,,
1877,2026-04-27,SH600438,-0.0023121727743249452,EXP_LGBModel_Alpha158_csi300_custom_step0_s_20260427_16,2b4d788c2de442818e394344bd545d1e,0.129,,,
1878,2026-04-27,SH600426,-0.0023121727743249452,EXP_LGBModel_Alpha158_csi300_custom_step0_s_20260427_16,2b4d788c2de442818e394344bd545d1e,0.129,,,
1879,2026-04-27,SH600061,-0.0023121727743249452,EXP_LGBModel_Alpha158_csi300_custom_step0_s_20260427_16,2b4d788c2de442818e394344bd545d1e,0.129,,,
1880,2026-04-27,SH600066,0.001962230900134645,EXP_LGBModel_Alpha158_csi300_custom_step0_s_20260427_16,2b4d788c2de442818e394344bd545d1e,0.129,,,
1881,2026-04-27,SH600085,2.9451583979917814e-10,EXP_LGBModel_Alpha158_csi300_custom_step0_s_20260427_16,2b4d788c2de442818e394344bd545d1e,0.129,,,
1882,2026-04-27,SH600089,-0.0023121727743249452,EXP_LGBModel_Alpha158_csi300_custom_step0_s_20260427_16,2b4d788c2de442818e394344bd545d1e,0.129,,,
1883,2026-04-27,SH600104,2.9451583979917814e-10,EXP_LGBModel_Alpha158_csi300_custom_step0_s_20260427_16,2b4d788c2de442818e394344bd545d1e,0.129,,,
1884,2026-04-27,SH600111,2.9451583979917814e-10,EXP_LGBModel_Alpha158_csi300_custom_step0_s_20260427_16,2b4d788c2de442818e394344bd545d1e,0.129,,,
1885,2026-04-27,SH600115,-0.0023121727743249452,EXP_LGBModel_Alpha158_csi300_custom_step0_s_20260427_16,2b4d788c2de442818e394344bd545d1e,0.129,,,
1886,2026-04-27,SH600150,2.9451583979917814e-10,EXP_LGBModel_Alpha158_csi300_custom_step0_s_20260427_16,2b4d788c2de442818e394344bd545d1e,0.129,,,
1887,2026-04-27,SH600160,2.9451583979917814e-10,EXP_LGBModel_Alpha158_csi300_custom_step0_s_20260427_16,2b4d788c2de442818e394344bd545d1e,0.129,,,
1888,2026-04-27,SH600161,2.9451583979917814e-10,EXP_LGBModel_Alpha158_csi300_custom_step0_s_20260427_16,2b4d788c2de442818e394344bd545d1e,0.129,,,
1889,2026-04-27,SH600176,2.9451583979917814e-10,EXP_LGBModel_Alpha158_csi300_custom_step0_s_20260427_16,2b4d788c2de442818e394344bd545d1e,0.129,,,
1890,2026-04-27,SH600436,0.00020267725614110115,EXP_LGBModel_Alpha158_csi300_custom_step0_s_20260427_16,2b4d788c2de442818e394344bd545d1e,0.129,,,
1891,2026-04-27,SH600183,2.9451583979917814e-10,EXP_LGBModel_Alpha158_csi300_custom_step0_s_20260427_16,2b4d788c2de442818e394344bd545d1e,0.129,,,
1892,2026-04-27,SH600196,-0.0023121727743249452,EXP_LGBModel_Alpha158_csi300_custom_step0_s_20260427_16,2b4d788c2de442818e394344bd545d1e,0.129,,,
1893,2026-04-27,SH600219,-0.0023121727743249452,EXP_LGBModel_Alpha158_csi300_custom_step0_s_20260427_16,2b4d788c2de442818e394344bd545d1e,0.129,,,
1894,2026-04-27,SH600233,2.9451583979917814e-10,EXP_LGBModel_Alpha158_csi300_custom_step0_s_20260427_16,2b4d788c2de442818e394344bd545d1e,0.129,,,
1895,2026-04-27,SH600276,0.0030654095595832893,EXP_LGBModel_Alpha158_csi300_custom_step0_s_20260427_16,2b4d788c2de442818e394344bd545d1e,0.129,,,
1896,2026-04-27,SH600309,0.001962230900134645,EXP_LGBModel_Alpha158_csi300_custom_step0_s_20260427_16,2b4d788c2de442818e394344bd545d1e,0.129,,,
1897,2026-04-27,SH600346,-0.0023121727743249452,EXP_LGBModel_Alpha158_csi300_custom_step0_s_20260427_16,2b4d788c2de442818e394344bd545d1e,0.129,,,
1898,2026-04-27,SH600362,-0.0023121727743249452,EXP_LGBModel_Alpha158_csi300_custom_step0_s_20260427_16,2b4d788c2de442818e394344bd545d1e,0.129,,,
1899,2026-04-27,SH600372,2.9451583979917814e-10,EXP_LGBModel_Alpha158_csi300_custom_step0_s_20260427_16,2b4d788c2de442818e394344bd545d1e,0.129,,,
1900,2026-04-27,SH600377,2.9451583979917814e-10,EXP_LGBModel_Alpha158_csi300_custom_step0_s_20260427_16,2b4d788c2de442818e394344bd545d1e,0.129,,,
1901,2026-04-27,SH600406,2.9451583979917814e-10,EXP_LGBModel_Alpha158_csi300_custom_step0_s_20260427_16,2b4d788c2de442818e394344bd545d1e,0.129,,,
1902,2026-04-27,SH600415,2.9451583979917814e-10,EXP_LGBModel_Alpha158_csi300_custom_step0_s_20260427_16,2b4d788c2de442818e394344bd545d1e,0.129,,,
1903,2026-04-27,SH600188,-0.0023121727743249452,EXP_LGBModel_Alpha158_csi300_custom_step0_s_20260427_16,2b4d788c2de442818e394344bd545d1e,0.129,,,
1904,2026-04-27,SH600900,0.0030654095595832893,EXP_LGBModel_Alpha158_csi300_custom_step0_s_20260427_16,2b4d788c2de442818e394344bd545d1e,0.129,,,
1905,2026-04-27,SZ002920,-0.0007152781341734654,EXP_CatBoostModel_Alpha158_csi300_custom_step0_s_20260427_16,732dbce90c3341569abc8dd8e704d2a2,0.012,,,
1906,2026-04-27,SZ002736,-0.013927386446367422,EXP_CatBoostModel_Alpha158_csi300_custom_step0_s_20260427_16,732dbce90c3341569abc8dd8e704d2a2,0.012,,,
1907,2026-04-27,SH688169,-0.013518232547761721,EXP_CatBoostModel_Alpha158_csi300_custom_step0_s_20260427_16,732dbce90c3341569abc8dd8e704d2a2,0.012,,,
1908,2026-04-27,SH688187,-0.03881415086938695,EXP_CatBoostModel_Alpha158_csi300_custom_step0_s_20260427_16,732dbce90c3341569abc8dd8e704d2a2,0.012,,,
1909,2026-04-27,SH688223,0.0333417846645519,EXP_CatBoostModel_Alpha158_csi300_custom_step0_s_20260427_16,732dbce90c3341569abc8dd8e704d2a2,0.012,,,
1910,2026-04-27,SH688256,0.17029078425897487,EXP_CatBoostModel_Alpha158_csi300_custom_step0_s_20260427_16,732dbce90c3341569abc8dd8e704d2a2,0.012,,,
1911,2026-04-27,SH688271,-0.008048347572464002,EXP_CatBoostModel_Alpha158_csi300_custom_step0_s_20260427_16,732dbce90c3341569abc8dd8e704d2a2,0.012,,,
1912,2026-04-27,SH688303,-0.008820573068774118,EXP_CatBoostModel_Alpha158_csi300_custom_step0_s_20260427_16,732dbce90c3341569abc8dd8e704d2a2,0.012,,,
1913,2026-04-27,SH688396,-0.07631624052845282,EXP_CatBoostModel_Alpha158_csi300_custom_step0_s_20260427_16,732dbce90c3341569abc8dd8e704d2a2,0.012,,,
1914,2026-04-27,SH688472,0.05574219070309297,EXP_CatBoostModel_Alpha158_csi300_custom_step0_s_20260427_16,732dbce90c3341569abc8dd8e704d2a2,0.012,,,
1915,2026-04-27,SH688506,-0.005611646768641629,EXP_CatBoostModel_Alpha158_csi300_custom_step0_s_20260427_16,732dbce90c3341569abc8dd8e704d2a2,0.012,,,
1916,2026-04-27,SH688981,0.045563040108502324,EXP_CatBoostModel_Alpha158_csi300_custom_step0_s_20260427_16,732dbce90c3341569abc8dd8e704d2a2,0.012,,,
1917,2026-04-27,SZ000001,-0.02990224804765439,EXP_CatBoostModel_Alpha158_csi300_custom_step0_s_20260427_16,732dbce90c3341569abc8dd8e704d2a2,0.012,,,
1918,2026-04-27,SH688126,0.0017934085324374997,EXP_CatBoostModel_Alpha158_csi300_custom_step0_s_20260427_16,732dbce90c3341569abc8dd8e704d2a2,0.012,,,
1919,2026-04-27,SZ000002,0.0371658742321119,EXP_CatBoostModel_Alpha158_csi300_custom_step0_s_20260427_16,732dbce90c3341569abc8dd8e704d2a2,0.012,,,
1920,2026-04-27,SZ000100,-0.0014133008128926557,EXP_CatBoostModel_Alpha158_csi300_custom_step0_s_20260427_16,732dbce90c3341569abc8dd8e704d2a2,0.012,,,
1921,2026-04-27,SZ000157,-0.04941239331831698,EXP_CatBoostModel_Alpha158_csi300_custom_step0_s_20260427_16,732dbce90c3341569abc8dd8e704d2a2,0.012,,,
1922,2026-04-27,SZ000166,-0.039428846928182465,EXP_CatBoostModel_Alpha158_csi300_custom_step0_s_20260427_16,732dbce90c3341569abc8dd8e704d2a2,0.012,,,
1923,2026-04-27,SZ000301,0.02452939081679969,EXP_CatBoostModel_Alpha158_csi300_custom_step0_s_20260427_16,732dbce90c3341569abc8dd8e704d2a2,0.012,,,
1924,2026-04-27,SZ000333,0.00539846470265801,EXP_CatBoostModel_Alpha158_csi300_custom_step0_s_20260427_16,732dbce90c3341569abc8dd8e704d2a2,0.012,,,
1925,2026-04-27,SZ000338,0.1349600832951069,EXP_CatBoostModel_Alpha158_csi300_custom_step0_s_20260427_16,732dbce90c3341569abc8dd8e704d2a2,0.012,,,
1926,2026-04-27,SZ000408,0.0364801094244808,EXP_CatBoostModel_Alpha158_csi300_custom_step0_s_20260427_16,732dbce90c3341569abc8dd8e704d2a2,0.012,,,
1927,2026-04-27,SZ000425,-0.02944429871856986,EXP_CatBoostModel_Alpha158_csi300_custom_step0_s_20260427_16,732dbce90c3341569abc8dd8e704d2a2,0.012,,,
1928,2026-04-27,SZ000538,-0.03737620153119172,EXP_CatBoostModel_Alpha158_csi300_custom_step0_s_20260427_16,732dbce90c3341569abc8dd8e704d2a2,0.012,,,
1929,2026-04-27,SZ000568,-0.040924513706669725,EXP_CatBoostModel_Alpha158_csi300_custom_step0_s_20260427_16,732dbce90c3341569abc8dd8e704d2a2,0.012,,,
1930,2026-04-27,SZ000596,-0.03564820863863888,EXP_CatBoostModel_Alpha158_csi300_custom_step0_s_20260427_16,732dbce90c3341569abc8dd8e704d2a2,0.012,,,
1931,2026-04-27,SZ000063,0.030725372391446206,EXP_CatBoostModel_Alpha158_csi300_custom_step0_s_20260427_16,732dbce90c3341569abc8dd8e704d2a2,0.012,,,
1932,2026-04-27,SZ000617,-0.0376395340302508,EXP_CatBoostModel_Alpha158_csi300_custom_step0_s_20260427_16,732dbce90c3341569abc8dd8e704d2a2,0.012,,,
1933,2026-04-27,SH688111,-0.0049618763372984735,EXP_CatBoostModel_Alpha158_csi300_custom_step0_s_20260427_16,732dbce90c3341569abc8dd8e704d2a2,0.012,,,
1934,2026-04-27,SH688047,0.01367240812154111,EXP_CatBoostModel_Alpha158_csi300_custom_step0_s_20260427_16,732dbce90c3341569abc8dd8e704d2a2,0.012,,,
1935,2026-04-27,SH601985,-0.007324854715102982,EXP_CatBoostModel_Alpha158_csi300_custom_step0_s_20260427_16,732dbce90c3341569abc8dd8e704d2a2,0.012,,,
1936,2026-04-27,SH601988,-0.006318626476156041,EXP_CatBoostModel_Alpha158_csi300_custom_step0_s_20260427_16,732dbce90c3341569abc8dd8e704d2a2,0.012,,,
1937,2026-04-27,SH601995,0.004883152921387122,EXP_CatBoostModel_Alpha158_csi300_custom_step0_s_20260427_16,732dbce90c3341569abc8dd8e704d2a2,0.012,,,
1938,2026-04-27,SH601998,0.009635086692342662,EXP_CatBoostModel_Alpha158_csi300_custom_step0_s_20260427_16,732dbce90c3341569abc8dd8e704d2a2,0.012,,,
1939,2026-04-27,SH603019,0.02770656796216982,EXP_CatBoostModel_Alpha158_csi300_custom_step0_s_20260427_16,732dbce90c3341569abc8dd8e704d2a2,0.012,,,
1940,2026-04-27,SH603195,-0.024134765426501392,EXP_CatBoostModel_Alpha158_csi300_custom_step0_s_20260427_16,732dbce90c3341569abc8dd8e704d2a2,0.012,,,
1941,2026-04-27,SH603259,0.004142211166780421,EXP_CatBoostModel_Alpha158_csi300_custom_step0_s_20260427_16,732dbce90c3341569abc8dd8e704d2a2,0.012,,,
1942,2026-04-27,SH603260,-0.01597513756149787,EXP_CatBoostModel_Alpha158_csi300_custom_step0_s_20260427_16,732dbce90c3341569abc8dd8e704d2a2,0.012,,,
1943,2026-04-27,SH603288,0.005257599540435003,EXP_CatBoostModel_Alpha158_csi300_custom_step0_s_20260427_16,732dbce90c3341569abc8dd8e704d2a2,0.012,,,
1944,2026-04-27,SH603296,0.05892532876634179,EXP_CatBoostModel_Alpha158_csi300_custom_step0_s_20260427_16,732dbce90c3341569abc8dd8e704d2a2,0.012,,,
1945,2026-04-27,SH603369,-0.03948584861899494,EXP_CatBoostModel_Alpha158_csi300_custom_step0_s_20260427_16,732dbce90c3341569abc8dd8e704d2a2,0.012,,,
1946,2026-04-27,SH688082,0.0068947311133969345,EXP_CatBoostModel_Alpha158_csi300_custom_step0_s_20260427_16,732dbce90c3341569abc8dd8e704d2a2,0.012,,,
1947,2026-04-27,SH603392,-0.009707700253981539,EXP_CatBoostModel_Alpha158_csi300_custom_step0_s_20260427_16,732dbce90c3341569abc8dd8e704d2a2,0.012,,,
1948,2026-04-27,SH603799,0.01962728492332455,EXP_CatBoostModel_Alpha158_csi300_custom_step0_s_20260427_16,732dbce90c3341569abc8dd8e704d2a2,0.012,,,
1949,2026-04-27,SH603893,0.09030625357891889,EXP_CatBoostModel_Alpha158_csi300_custom_step0_s_20260427_16,732dbce90c3341569abc8dd8e704d2a2,0.012,,,
1950,2026-04-27,SH603986,0.07159531273760458,EXP_CatBoostModel_Alpha158_csi300_custom_step0_s_20260427_16,732dbce90c3341569abc8dd8e704d2a2,0.012,,,
1951,2026-04-27,SH603993,-0.019490222158024775,EXP_CatBoostModel_Alpha158_csi300_custom_step0_s_20260427_16,732dbce90c3341569abc8dd8e704d2a2,0.012,,,
1952,2026-04-27,SH605117,-0.02457903996685164,EXP_CatBoostModel_Alpha158_csi300_custom_step0_s_20260427_16,732dbce90c3341569abc8dd8e704d2a2,0.012,,,
1953,2026-04-27,SH605499,0.01464979275588255,EXP_CatBoostModel_Alpha158_csi300_custom_step0_s_20260427_16,732dbce90c3341569abc8dd8e704d2a2,0.012,,,
1954,2026-04-27,SH688008,-0.05215488148384331,EXP_CatBoostModel_Alpha158_csi300_custom_step0_s_20260427_16,732dbce90c3341569abc8dd8e704d2a2,0.012,,,
1955,2026-04-27,SH688009,-0.03213549071629006,EXP_CatBoostModel_Alpha158_csi300_custom_step0_s_20260427_16,732dbce90c3341569abc8dd8e704d2a2,0.012,,,
1956,2026-04-27,SH688012,0.0034362478582366652,EXP_CatBoostModel_Alpha158_csi300_custom_step0_s_20260427_16,732dbce90c3341569abc8dd8e704d2a2,0.012,,,
1957,2026-04-27,SH688036,-0.022855419722118218,EXP_CatBoostModel_Alpha158_csi300_custom_step0_s_20260427_16,732dbce90c3341569abc8dd8e704d2a2,0.012,,,
1958,2026-04-27,SH688041,0.08543379748633874,EXP_CatBoostModel_Alpha158_csi300_custom_step0_s_20260427_16,732dbce90c3341569abc8dd8e704d2a2,0.012,,,
1959,2026-04-27,SH603501,-0.011009861840780759,EXP_CatBoostModel_Alpha158_csi300_custom_step0_s_20260427_16,732dbce90c3341569abc8dd8e704d2a2,0.012,,,
1960,2026-04-27,SZ002916,0.15166440275664847,EXP_CatBoostModel_Alpha158_csi300_custom_step0_s_20260427_16,732dbce90c3341569abc8dd8e704d2a2,0.012,,,
1961,2026-04-27,SZ000625,-0.047600894154305795,EXP_CatBoostModel_Alpha158_csi300_custom_step0_s_20260427_16,732dbce90c3341569abc8dd8e704d2a2,0.012,,,
1962,2026-04-27,SZ000651,-0.012133031565734989,EXP_CatBoostModel_Alpha158_csi300_custom_step0_s_20260427_16,732dbce90c3341569abc8dd8e704d2a2,0.012,,,
1963,2026-04-27,SZ002230,0.006581863389443578,EXP_CatBoostModel_Alpha158_csi300_custom_step0_s_20260427_16,732dbce90c3341569abc8dd8e704d2a2,0.012,,,
1964,2026-04-27,SZ002236,-0.005894004410004971,EXP_CatBoostModel_Alpha158_csi300_custom_step0_s_20260427_16,732dbce90c3341569abc8dd8e704d2a2,0.012,,,
1965,2026-04-27,SZ002241,0.02745554087830597,EXP_CatBoostModel_Alpha158_csi300_custom_step0_s_20260427_16,732dbce90c3341569abc8dd8e704d2a2,0.012,,,
1966,2026-04-27,SZ002252,-0.053842443415449234,EXP_CatBoostModel_Alpha158_csi300_custom_step0_s_20260427_16,732dbce90c3341569abc8dd8e704d2a2,0.012,,,
1967,2026-04-27,SZ002304,-0.03152545015930552,EXP_CatBoostModel_Alpha158_csi300_custom_step0_s_20260427_16,732dbce90c3341569abc8dd8e704d2a2,0.012,,,
1968,2026-04-27,SZ002311,-0.04300284952708043,EXP_CatBoostModel_Alpha158_csi300_custom_step0_s_20260427_16,732dbce90c3341569abc8dd8e704d2a2,0.012,,,
1969,2026-04-27,SZ002352,-0.013826997580871199,EXP_CatBoostModel_Alpha158_csi300_custom_step0_s_20260427_16,732dbce90c3341569abc8dd8e704d2a2,0.012,,,
1970,2026-04-27,SZ002371,-0.006131338379556824,EXP_CatBoostModel_Alpha158_csi300_custom_step0_s_20260427_16,732dbce90c3341569abc8dd8e704d2a2,0.012,,,
1971,2026-04-27,SZ002384,0.012747890836065956,EXP_CatBoostModel_Alpha158_csi300_custom_step0_s_20260427_16,732dbce90c3341569abc8dd8e704d2a2,0.012,,,
1972,2026-04-27,SZ002415,0.01322109388655589,EXP_CatBoostModel_Alpha158_csi300_custom_step0_s_20260427_16,732dbce90c3341569abc8dd8e704d2a2,0.012,,,
1973,2026-04-27,SZ002422,-0.017310801912609912,EXP_CatBoostModel_Alpha158_csi300_custom_step0_s_20260427_16,732dbce90c3341569abc8dd8e704d2a2,0.012,,,
1974,2026-04-27,SZ002179,0.028333294717014703,EXP_CatBoostModel_Alpha158_csi300_custom_step0_s_20260427_16,732dbce90c3341569abc8dd8e704d2a2,0.012,,,
1975,2026-04-27,SZ002459,0.044176251636341465,EXP_CatBoostModel_Alpha158_csi300_custom_step0_s_20260427_16,732dbce90c3341569abc8dd8e704d2a2,0.012,,,
1976,2026-04-27,SZ002463,0.06256371158966849,EXP_CatBoostModel_Alpha158_csi300_custom_step0_s_20260427_16,732dbce90c3341569abc8dd8e704d2a2,0.012,,,
1977,2026-04-27,SZ002466,0.1043655833589394,EXP_CatBoostModel_Alpha158_csi300_custom_step0_s_20260427_16,732dbce90c3341569abc8dd8e704d2a2,0.012,,,
1978,2026-04-27,SZ002475,0.13296589313803753,EXP_CatBoostModel_Alpha158_csi300_custom_step0_s_20260427_16,732dbce90c3341569abc8dd8e704d2a2,0.012,,,
1979,2026-04-27,SZ002493,-0.017864369335475846,EXP_CatBoostModel_Alpha158_csi300_custom_step0_s_20260427_16,732dbce90c3341569abc8dd8e704d2a2,0.012,,,
1980,2026-04-27,SZ002594,0.004653723214584704,EXP_CatBoostModel_Alpha158_csi300_custom_step0_s_20260427_16,732dbce90c3341569abc8dd8e704d2a2,0.012,,,
1981,2026-04-27,SZ002600,0.007134951385138426,EXP_CatBoostModel_Alpha158_csi300_custom_step0_s_20260427_16,732dbce90c3341569abc8dd8e704d2a2,0.012,,,
1982,2026-04-27,SZ002601,-0.006307861244836172,EXP_CatBoostModel_Alpha158_csi300_custom_step0_s_20260427_16,732dbce90c3341569abc8dd8e704d2a2,0.012,,,
1983,2026-04-27,SZ002625,-0.004994403802670435,EXP_CatBoostModel_Alpha158_csi300_custom_step0_s_20260427_16,732dbce90c3341569abc8dd8e704d2a2,0.012,,,
1984,2026-04-27,SZ002648,0.012740521548875772,EXP_CatBoostModel_Alpha158_csi300_custom_step0_s_20260427_16,732dbce90c3341569abc8dd8e704d2a2,0.012,,,
1985,2026-04-27,SZ002709,0.040016961128145394,EXP_CatBoostModel_Alpha158_csi300_custom_step0_s_20260427_16,732dbce90c3341569abc8dd8e704d2a2,0.012,,,
1986,2026-04-27,SZ002714,-0.053914140542181764,EXP_CatBoostModel_Alpha158_csi300_custom_step0_s_20260427_16,732dbce90c3341569abc8dd8e704d2a2,0.012,,,
1987,2026-04-27,SZ002460,0.08381818432181187,EXP_CatBoostModel_Alpha158_csi300_custom_step0_s_20260427_16,732dbce90c3341569abc8dd8e704d2a2,0.012,,,
1988,2026-04-27,SZ000630,0.0009404833871030122,EXP_CatBoostModel_Alpha158_csi300_custom_step0_s_20260427_16,732dbce90c3341569abc8dd8e704d2a2,0.012,,,
1989,2026-04-27,SZ002142,0.04322737094809567,EXP_CatBoostModel_Alpha158_csi300_custom_step0_s_20260427_16,732dbce90c3341569abc8dd8e704d2a2,0.012,,,
1990,2026-04-27,SZ002050,0.0030560511989515837,EXP_CatBoostModel_Alpha158_csi300_custom_step0_s_20260427_16,732dbce90c3341569abc8dd8e704d2a2,0.012,,,
1991,2026-04-27,SZ000661,-0.01686875404113834,EXP_CatBoostModel_Alpha158_csi300_custom_step0_s_20260427_16,732dbce90c3341569abc8dd8e704d2a2,0.012,,,
1992,2026-04-27,SZ000708,0.021146266970418003,EXP_CatBoostModel_Alpha158_csi300_custom_step0_s_20260427_16,732dbce90c3341569abc8dd8e704d2a2,0.012,,,
1993,2026-04-27,SZ000725,0.004518894976395939,EXP_CatBoostModel_Alpha158_csi300_custom_step0_s_20260427_16,732dbce90c3341569abc8dd8e704d2a2,0.012,,,
1994,2026-04-27,SZ000768,-0.029229734049955325,EXP_CatBoostModel_Alpha158_csi300_custom_step0_s_20260427_16,732dbce90c3341569abc8dd8e704d2a2,0.012,,,
1995,2026-04-27,SZ000776,0.011953177151643351,EXP_CatBoostModel_Alpha158_csi300_custom_step0_s_20260427_16,732dbce90c3341569abc8dd8e704d2a2,0.012,,,
1996,2026-04-27,SZ000786,0.004502696544914048,EXP_CatBoostModel_Alpha158_csi300_custom_step0_s_20260427_16,732dbce90c3341569abc8dd8e704d2a2,0.012,,,
1997,2026-04-27,SZ000792,0.01587498376262006,EXP_CatBoostModel_Alpha158_csi300_custom_step0_s_20260427_16,732dbce90c3341569abc8dd8e704d2a2,0.012,,,
1998,2026-04-27,SZ000807,0.038863940578162066,EXP_CatBoostModel_Alpha158_csi300_custom_step0_s_20260427_16,732dbce90c3341569abc8dd8e704d2a2,0.012,,,
1999,2026-04-27,SZ000858,-0.053582374891422195,EXP_CatBoostModel_Alpha158_csi300_custom_step0_s_20260427_16,732dbce90c3341569abc8dd8e704d2a2,0.012,,,
2000,2026-04-27,SZ000876,-0.021093321183690502,EXP_CatBoostModel_Alpha158_csi300_custom_step0_s_20260427_16,732dbce90c3341569abc8dd8e704d2a2,0.012,,,
2001,2026-04-27,SZ000895,-0.009556892426639398,EXP_CatBoostModel_Alpha158_csi300_custom_step0_s_20260427_16,732dbce90c3341569abc8dd8e704d2a2,0.012,,,
2002,2026-04-27,SZ002074,0.02391354411056701,EXP_CatBoostModel_Alpha158_csi300_custom_step0_s_20260427_16,732dbce90c3341569abc8dd8e704d2a2,0.012,,,
2003,2026-04-27,SZ000938,0.11098648938853714,EXP_CatBoostModel_Alpha158_csi300_custom_step0_s_20260427_16,732dbce90c3341569abc8dd8e704d2a2,0.012,,,
2004,2026-04-27,SZ000975,0.04325277093479397,EXP_CatBoostModel_Alpha158_csi300_custom_step0_s_20260427_16,732dbce90c3341569abc8dd8e704d2a2,0.012,,,
2005,2026-04-27,SZ000977,0.024861408035711133,EXP_CatBoostModel_Alpha158_csi300_custom_step0_s_20260427_16,732dbce90c3341569abc8dd8e704d2a2,0.012,,,
2006,2026-04-27,SZ000983,-0.01350594510470995,EXP_CatBoostModel_Alpha158_csi300_custom_step0_s_20260427_16,732dbce90c3341569abc8dd8e704d2a2,0.012,,,
2007,2026-04-27,SZ000999,-0.05949785296968754,EXP_CatBoostModel_Alpha158_csi300_custom_step0_s_20260427_16,732dbce90c3341569abc8dd8e704d2a2,0.012,,,
2008,2026-04-27,SZ001391,-0.02344492549438047,EXP_CatBoostModel_Alpha158_csi300_custom_step0_s_20260427_16,732dbce90c3341569abc8dd8e704d2a2,0.012,,,
2009,2026-04-27,SZ001965,-0.01403285957376604,EXP_CatBoostModel_Alpha158_csi300_custom_step0_s_20260427_16,732dbce90c3341569abc8dd8e704d2a2,0.012,,,
2010,2026-04-27,SZ001979,-0.0061312389777716525,EXP_CatBoostModel_Alpha158_csi300_custom_step0_s_20260427_16,732dbce90c3341569abc8dd8e704d2a2,0.012,,,
2011,2026-04-27,SZ002001,0.004429684433763784,EXP_CatBoostModel_Alpha158_csi300_custom_step0_s_20260427_16,732dbce90c3341569abc8dd8e704d2a2,0.012,,,
2012,2026-04-27,SZ002027,-0.037096647288724915,EXP_CatBoostModel_Alpha158_csi300_custom_step0_s_20260427_16,732dbce90c3341569abc8dd8e704d2a2,0.012,,,
2013,2026-04-27,SZ002028,-0.00313903678875613,EXP_CatBoostModel_Alpha158_csi300_custom_step0_s_20260427_16,732dbce90c3341569abc8dd8e704d2a2,0.012,,,
2014,2026-04-27,SZ002049,0.009650566181524928,EXP_CatBoostModel_Alpha158_csi300_custom_step0_s_20260427_16,732dbce90c3341569abc8dd8e704d2a2,0.012,,,
2015,2026-04-27,SZ000963,-0.05271310271744437,EXP_CatBoostModel_Alpha158_csi300_custom_step0_s_20260427_16,732dbce90c3341569abc8dd8e704d2a2,0.012,,,
2016,2026-04-27,SH601939,0.010437355076997881,EXP_CatBoostModel_Alpha158_csi300_custom_step0_s_20260427_16,732dbce90c3341569abc8dd8e704d2a2,0.012,,,
2017,2026-04-27,SH600905,2.9451583979917814e-10,EXP_LGBModel_Alpha158_csi300_custom_step0_s_20260427_16,2b4d788c2de442818e394344bd545d1e,0.129,,,
2018,2026-04-27,SH600919,0.0030654095595832893,EXP_LGBModel_Alpha158_csi300_custom_step0_s_20260427_16,2b4d788c2de442818e394344bd545d1e,0.129,,,
2019,2026-04-27,SZ000876,2.9451583979917814e-10,EXP_LGBModel_Alpha158_csi300_custom_step0_s_20260427_16,2b4d788c2de442818e394344bd545d1e,0.129,,,
2020,2026-04-27,SZ000895,0.0030654095595832893,EXP_LGBModel_Alpha158_csi300_custom_step0_s_20260427_16,2b4d788c2de442818e394344bd545d1e,0.129,,,
2021,2026-04-27,SZ000938,-0.0023121727743249452,EXP_LGBModel_Alpha158_csi300_custom_step0_s_20260427_16,2b4d788c2de442818e394344bd545d1e,0.129,,,
2022,2026-04-27,SZ000963,-0.0023121727743249452,EXP_LGBModel_Alpha158_csi300_custom_step0_s_20260427_16,2b4d788c2de442818e394344bd545d1e,0.129,,,
2023,2026-04-27,SZ000975,-0.0023121727743249452,EXP_LGBModel_Alpha158_csi300_custom_step0_s_20260427_16,2b4d788c2de442818e394344bd545d1e,0.129,,,
2024,2026-04-27,SZ000977,2.9451583979917814e-10,EXP_LGBModel_Alpha158_csi300_custom_step0_s_20260427_16,2b4d788c2de442818e394344bd545d1e,0.129,,,
2025,2026-04-27,SZ000983,-0.001864707839783127,EXP_LGBModel_Alpha158_csi300_custom_step0_s_20260427_16,2b4d788c2de442818e394344bd545d1e,0.129,,,
2026,2026-04-27,SZ000999,2.9451583979917814e-10,EXP_LGBModel_Alpha158_csi300_custom_step0_s_20260427_16,2b4d788c2de442818e394344bd545d1e,0.129,,,
2027,2026-04-27,SZ001391,2.9451583979917814e-10,EXP_LGBModel_Alpha158_csi300_custom_step0_s_20260427_16,2b4d788c2de442818e394344bd545d1e,0.129,,,
2028,2026-04-27,SZ001965,0.0023013966429913475,EXP_LGBModel_Alpha158_csi300_custom_step0_s_20260427_16,2b4d788c2de442818e394344bd545d1e,0.129,,,
2029,2026-04-27,SZ001979,-0.001864707839783127,EXP_LGBModel_Alpha158_csi300_custom_step0_s_20260427_16,2b4d788c2de442818e394344bd545d1e,0.129,,,
2030,2026-04-27,SZ000858,2.9451583979917814e-10,EXP_LGBModel_Alpha158_csi300_custom_step0_s_20260427_16,2b4d788c2de442818e394344bd545d1e,0.129,,,
2031,2026-04-27,SZ002001,-0.0023121727743249452,EXP_LGBModel_Alpha158_csi300_custom_step0_s_20260427_16,2b4d788c2de442818e394344bd545d1e,0.129,,,
2032,2026-04-27,SZ002028,-0.0008281843167088952,EXP_LGBModel_Alpha158_csi300_custom_step0_s_20260427_16,2b4d788c2de442818e394344bd545d1e,0.129,,,
2033,2026-04-27,SZ002049,-0.001864707839783127,EXP_LGBModel_Alpha158_csi300_custom_step0_s_20260427_16,2b4d788c2de442818e394344bd545d1e,0.129,,,
2034,2026-04-27,SZ002050,-0.001864707839783127,EXP_LGBModel_Alpha158_csi300_custom_step0_s_20260427_16,2b4d788c2de442818e394344bd545d1e,0.129,,,
2035,2026-04-27,SZ002074,2.9451583979917814e-10,EXP_LGBModel_Alpha158_csi300_custom_step0_s_20260427_16,2b4d788c2de442818e394344bd545d1e,0.129,,,
2036,2026-04-27,SZ002142,2.9451583979917814e-10,EXP_LGBModel_Alpha158_csi300_custom_step0_s_20260427_16,2b4d788c2de442818e394344bd545d1e,0.129,,,
2037,2026-04-27,SZ002179,2.9451583979917814e-10,EXP_LGBModel_Alpha158_csi300_custom_step0_s_20260427_16,2b4d788c2de442818e394344bd545d1e,0.129,,,
2038,2026-04-27,SZ002230,2.9451583979917814e-10,EXP_LGBModel_Alpha158_csi300_custom_step0_s_20260427_16,2b4d788c2de442818e394344bd545d1e,0.129,,,
2039,2026-04-27,SZ002236,-0.0023121727743249452,EXP_LGBModel_Alpha158_csi300_custom_step0_s_20260427_16,2b4d788c2de442818e394344bd545d1e,0.129,,,
2040,2026-04-27,SZ002241,-0.001864707839783127,EXP_LGBModel_Alpha158_csi300_custom_step0_s_20260427_16,2b4d788c2de442818e394344bd545d1e,0.129,,,
2041,2026-04-27,SZ002252,2.9451583979917814e-10,EXP_LGBModel_Alpha158_csi300_custom_step0_s_20260427_16,2b4d788c2de442818e394344bd545d1e,0.129,,,
2042,2026-04-27,SZ002304,2.9451583979917814e-10,EXP_LGBModel_Alpha158_csi300_custom_step0_s_20260427_16,2b4d788c2de442818e394344bd545d1e,0.129,,,
2043,2026-04-27,SZ002027,2.9451583979917814e-10,EXP_LGBModel_Alpha158_csi300_custom_step0_s_20260427_16,2b4d788c2de442818e394344bd545d1e,0.129,,,
2044,2026-04-27,SZ002311,-0.0023121727743249452,EXP_LGBModel_Alpha158_csi300_custom_step0_s_20260427_16,2b4d788c2de442818e394344bd545d1e,0.129,,,
2045,2026-04-27,SZ000807,-0.0023121727743249452,EXP_LGBModel_Alpha158_csi300_custom_step0_s_20260427_16,2b4d788c2de442818e394344bd545d1e,0.129,,,
2046,2026-04-27,SZ000786,2.9451583979917814e-10,EXP_LGBModel_Alpha158_csi300_custom_step0_s_20260427_16,2b4d788c2de442818e394344bd545d1e,0.129,,,
2047,2026-04-27,SH688981,2.9451583979917814e-10,EXP_LGBModel_Alpha158_csi300_custom_step0_s_20260427_16,2b4d788c2de442818e394344bd545d1e,0.129,,,
2048,2026-04-27,SZ000001,2.9451583979917814e-10,EXP_LGBModel_Alpha158_csi300_custom_step0_s_20260427_16,2b4d788c2de442818e394344bd545d1e,0.129,,,
2049,2026-04-27,SZ000002,-0.0023121727743249452,EXP_LGBModel_Alpha158_csi300_custom_step0_s_20260427_16,2b4d788c2de442818e394344bd545d1e,0.129,,,
2050,2026-04-27,SZ000063,2.9451583979917814e-10,EXP_LGBModel_Alpha158_csi300_custom_step0_s_20260427_16,2b4d788c2de442818e394344bd545d1e,0.129,,,
2051,2026-04-27,SZ000100,-0.001864707839783127,EXP_LGBModel_Alpha158_csi300_custom_step0_s_20260427_16,2b4d788c2de442818e394344bd545d1e,0.129,,,
2052,2026-04-27,SZ000157,0.00020267725614110115,EXP_LGBModel_Alpha158_csi300_custom_step0_s_20260427_16,2b4d788c2de442818e394344bd545d1e,0.129,,,
2053,2026-04-27,SZ000166,2.9451583979917814e-10,EXP_LGBModel_Alpha158_csi300_custom_step0_s_20260427_16,2b4d788c2de442818e394344bd545d1e,0.129,,,
2054,2026-04-27,SZ000301,2.9451583979917814e-10,EXP_LGBModel_Alpha158_csi300_custom_step0_s_20260427_16,2b4d788c2de442818e394344bd545d1e,0.129,,,
2055,2026-04-27,SZ000333,2.9451583979917814e-10,EXP_LGBModel_Alpha158_csi300_custom_step0_s_20260427_16,2b4d788c2de442818e394344bd545d1e,0.129,,,
2056,2026-04-27,SZ000338,-0.0023121727743249452,EXP_LGBModel_Alpha158_csi300_custom_step0_s_20260427_16,2b4d788c2de442818e394344bd545d1e,0.129,,,
2057,2026-04-27,SZ000408,-0.0023121727743249452,EXP_LGBModel_Alpha158_csi300_custom_step0_s_20260427_16,2b4d788c2de442818e394344bd545d1e,0.129,,,
2058,2026-04-27,SZ000792,-0.0023121727743249452,EXP_LGBModel_Alpha158_csi300_custom_step0_s_20260427_16,2b4d788c2de442818e394344bd545d1e,0.129,,,
2059,2026-04-27,SZ000425,-0.0023121727743249452,EXP_LGBModel_Alpha158_csi300_custom_step0_s_20260427_16,2b4d788c2de442818e394344bd545d1e,0.129,,,
2060,2026-04-27,SZ000568,2.9451583979917814e-10,EXP_LGBModel_Alpha158_csi300_custom_step0_s_20260427_16,2b4d788c2de442818e394344bd545d1e,0.129,,,
2061,2026-04-27,SZ000596,2.9451583979917814e-10,EXP_LGBModel_Alpha158_csi300_custom_step0_s_20260427_16,2b4d788c2de442818e394344bd545d1e,0.129,,,
2062,2026-04-27,SZ000617,-0.0023121727743249452,EXP_LGBModel_Alpha158_csi300_custom_step0_s_20260427_16,2b4d788c2de442818e394344bd545d1e,0.129,,,
2063,2026-04-27,SZ000625,2.9451583979917814e-10,EXP_LGBModel_Alpha158_csi300_custom_step0_s_20260427_16,2b4d788c2de442818e394344bd545d1e,0.129,,,
2064,2026-04-27,SZ000630,-0.001864707839783127,EXP_LGBModel_Alpha158_csi300_custom_step0_s_20260427_16,2b4d788c2de442818e394344bd545d1e,0.129,,,
2065,2026-04-27,SZ000651,0.0030654095595832893,EXP_LGBModel_Alpha158_csi300_custom_step0_s_20260427_16,2b4d788c2de442818e394344bd545d1e,0.129,,,
2066,2026-04-27,SZ000661,2.9451583979917814e-10,EXP_LGBModel_Alpha158_csi300_custom_step0_s_20260427_16,2b4d788c2de442818e394344bd545d1e,0.129,,,
2067,2026-04-27,SZ000708,-0.0008281843167088952,EXP_LGBModel_Alpha158_csi300_custom_step0_s_20260427_16,2b4d788c2de442818e394344bd545d1e,0.129,,,
2068,2026-04-27,SZ000725,-0.0023121727743249452,EXP_LGBModel_Alpha158_csi300_custom_step0_s_20260427_16,2b4d788c2de442818e394344bd545d1e,0.129,,,
2069,2026-04-27,SZ000768,2.9451583979917814e-10,EXP_LGBModel_Alpha158_csi300_custom_step0_s_20260427_16,2b4d788c2de442818e394344bd545d1e,0.129,,,
2070,2026-04-27,SZ000776,2.9451583979917814e-10,EXP_LGBModel_Alpha158_csi300_custom_step0_s_20260427_16,2b4d788c2de442818e394344bd545d1e,0.129,,,
2071,2026-04-27,SZ000538,2.9451583979917814e-10,EXP_LGBModel_Alpha158_csi300_custom_step0_s_20260427_16,2b4d788c2de442818e394344bd545d1e,0.129,,,
2072,2026-04-27,SH688506,-0.0023121727743249452,EXP_LGBModel_Alpha158_csi300_custom_step0_s_20260427_16,2b4d788c2de442818e394344bd545d1e,0.129,,,
2073,2026-04-27,SZ002352,0.0030654095595832893,EXP_LGBModel_Alpha158_csi300_custom_step0_s_20260427_16,2b4d788c2de442818e394344bd545d1e,0.129,,,
2074,2026-04-27,SZ002384,-0.0034203872416754496,EXP_LGBModel_Alpha158_csi300_custom_step0_s_20260427_16,2b4d788c2de442818e394344bd545d1e,0.129,,,
2075,2026-04-27,SZ300308,2.9451583979917814e-10,EXP_LGBModel_Alpha158_csi300_custom_step0_s_20260427_16,2b4d788c2de442818e394344bd545d1e,0.129,,,
2076,2026-04-27,SZ300316,-0.0023121727743249452,EXP_LGBModel_Alpha158_csi300_custom_step0_s_20260427_16,2b4d788c2de442818e394344bd545d1e,0.129,,,
2077,2026-04-27,SZ300347,-0.0023121727743249452,EXP_LGBModel_Alpha158_csi300_custom_step0_s_20260427_16,2b4d788c2de442818e394344bd545d1e,0.129,,,
2078,2026-04-27,SZ300394,-0.0023121727743249452,EXP_LGBModel_Alpha158_csi300_custom_step0_s_20260427_16,2b4d788c2de442818e394344bd545d1e,0.129,,,
2079,2026-04-27,SZ300408,-0.0034203872416754496,EXP_LGBModel_Alpha158_csi300_custom_step0_s_20260427_16,2b4d788c2de442818e394344bd545d1e,0.129,,,
2080,2026-04-27,SZ300413,2.9451583979917814e-10,EXP_LGBModel_Alpha158_csi300_custom_step0_s_20260427_16,2b4d788c2de442818e394344bd545d1e,0.129,,,
2081,2026-04-27,SZ300418,2.9451583979917814e-10,EXP_LGBModel_Alpha158_csi300_custom_step0_s_20260427_16,2b4d788c2de442818e394344bd545d1e,0.129,,,
2082,2026-04-27,SZ300433,2.9451583979917814e-10,EXP_LGBModel_Alpha158_csi300_custom_step0_s_20260427_16,2b4d788c2de442818e394344bd545d1e,0.129,,,
2083,2026-04-27,SZ300442,-0.0023121727743249452,EXP_LGBModel_Alpha158_csi300_custom_step0_s_20260427_16,2b4d788c2de442818e394344bd545d1e,0.129,,,
2084,2026-04-27,SZ300476,2.9451583979917814e-10,EXP_LGBModel_Alpha158_csi300_custom_step0_s_20260427_16,2b4d788c2de442818e394344bd545d1e,0.129,,,
2085,2026-04-27,SZ300498,-0.0023121727743249452,EXP_LGBModel_Alpha158_csi300_custom_step0_s_20260427_16,2b4d788c2de442818e394344bd545d1e,0.129,,,
2086,2026-04-27,SZ300274,0.0045482424151306435,EXP_LGBModel_Alpha158_csi300_custom_step0_s_20260427_16,2b4d788c2de442818e394344bd545d1e,0.129,,,
2087,2026-04-27,SZ300502,2.9451583979917814e-10,EXP_LGBModel_Alpha158_csi300_custom_step0_s_20260427_16,2b4d788c2de442818e394344bd545d1e,0.129,,,
2088,2026-04-27,SZ300661,2.9451583979917814e-10,EXP_LGBModel_Alpha158_csi300_custom_step0_s_20260427_16,2b4d788c2de442818e394344bd545d1e,0.129,,,
2089,2026-04-27,SZ300750,-0.0023121727743249452,EXP_LGBModel_Alpha158_csi300_custom_step0_s_20260427_16,2b4d788c2de442818e394344bd545d1e,0.129,,,
2090,2026-04-27,SZ300759,-0.0023121727743249452,EXP_LGBModel_Alpha158_csi300_custom_step0_s_20260427_16,2b4d788c2de442818e394344bd545d1e,0.129,,,
2091,2026-04-27,SZ300760,0.001962230900134645,EXP_LGBModel_Alpha158_csi300_custom_step0_s_20260427_16,2b4d788c2de442818e394344bd545d1e,0.129,,,
2092,2026-04-27,SZ300782,-0.0034203872416754496,EXP_LGBModel_Alpha158_csi300_custom_step0_s_20260427_16,2b4d788c2de442818e394344bd545d1e,0.129,,,
2093,2026-04-27,SZ300803,-0.0023121727743249452,EXP_LGBModel_Alpha158_csi300_custom_step0_s_20260427_16,2b4d788c2de442818e394344bd545d1e,0.129,,,
2094,2026-04-27,SZ300832,-0.0023121727743249452,EXP_LGBModel_Alpha158_csi300_custom_step0_s_20260427_16,2b4d788c2de442818e394344bd545d1e,0.129,,,
2095,2026-04-27,SZ300866,-0.0023121727743249452,EXP_LGBModel_Alpha158_csi300_custom_step0_s_20260427_16,2b4d788c2de442818e394344bd545d1e,0.129,,,
2096,2026-04-27,SZ300896,0.001962230900134645,EXP_LGBModel_Alpha158_csi300_custom_step0_s_20260427_16,2b4d788c2de442818e394344bd545d1e,0.129,,,
2097,2026-04-27,SZ300979,-0.001864707839783127,EXP_LGBModel_Alpha158_csi300_custom_step0_s_20260427_16,2b4d788c2de442818e394344bd545d1e,0.129,,,
2098,2026-04-27,SZ300999,2.9451583979917814e-10,EXP_LGBModel_Alpha158_csi300_custom_step0_s_20260427_16,2b4d788c2de442818e394344bd545d1e,0.129,,,
2099,2026-04-27,SZ300628,0.0023013966429913475,EXP_LGBModel_Alpha158_csi300_custom_step0_s_20260427_16,2b4d788c2de442818e394344bd545d1e,0.129,,,
2100,2026-04-27,SZ002371,-0.0023121727743249452,EXP_LGBModel_Alpha158_csi300_custom_step0_s_20260427_16,2b4d788c2de442818e394344bd545d1e,0.129,,,
2101,2026-04-27,SZ300251,-0.0023121727743249452,EXP_LGBModel_Alpha158_csi300_custom_step0_s_20260427_16,2b4d788c2de442818e394344bd545d1e,0.129,,,
2102,2026-04-27,SZ300122,-0.0023121727743249452,EXP_LGBModel_Alpha158_csi300_custom_step0_s_20260427_16,2b4d788c2de442818e394344bd545d1e,0.129,,,
2103,2026-04-27,SZ002415,2.9451583979917814e-10,EXP_LGBModel_Alpha158_csi300_custom_step0_s_20260427_16,2b4d788c2de442818e394344bd545d1e,0.129,,,
2104,2026-04-27,SZ002422,-0.0023121727743249452,EXP_LGBModel_Alpha158_csi300_custom_step0_s_20260427_16,2b4d788c2de442818e394344bd545d1e,0.129,,,
2105,2026-04-27,SZ002459,0.001962230900134645,EXP_LGBModel_Alpha158_csi300_custom_step0_s_20260427_16,2b4d788c2de442818e394344bd545d1e,0.129,,,
2106,2026-04-27,SZ002460,-0.0023121727743249452,EXP_LGBModel_Alpha158_csi300_custom_step0_s_20260427_16,2b4d788c2de442818e394344bd545d1e,0.129,,,
2107,2026-04-27,SZ002463,2.9451583979917814e-10,EXP_LGBModel_Alpha158_csi300_custom_step0_s_20260427_16,2b4d788c2de442818e394344bd545d1e,0.129,,,
2108,2026-04-27,SZ002466,2.9451583979917814e-10,EXP_LGBModel_Alpha158_csi300_custom_step0_s_20260427_16,2b4d788c2de442818e394344bd545d1e,0.129,,,
2109,2026-04-27,SZ002475,-0.0034203872416754496,EXP_LGBModel_Alpha158_csi300_custom_step0_s_20260427_16,2b4d788c2de442818e394344bd545d1e,0.129,,,
2110,2026-04-27,SZ002493,-0.0023121727743249452,EXP_LGBModel_Alpha158_csi300_custom_step0_s_20260427_16,2b4d788c2de442818e394344bd545d1e,0.129,,,
2111,2026-04-27,SZ002594,-0.0023121727743249452,EXP_LGBModel_Alpha158_csi300_custom_step0_s_20260427_16,2b4d788c2de442818e394344bd545d1e,0.129,,,
2112,2026-04-27,SZ002600,-0.0023121727743249452,EXP_LGBModel_Alpha158_csi300_custom_step0_s_20260427_16,2b4d788c2de442818e394344bd545d1e,0.129,,,
2113,2026-04-27,SZ002601,2.9451583979917814e-10,EXP_LGBModel_Alpha158_csi300_custom_step0_s_20260427_16,2b4d788c2de442818e394344bd545d1e,0.129,,,
2114,2026-04-27,SZ300124,2.9451583979917814e-10,EXP_LGBModel_Alpha158_csi300_custom_step0_s_20260427_16,2b4d788c2de442818e394344bd545d1e,0.129,,,
2115,2026-04-27,SZ002625,2.9451583979917814e-10,EXP_LGBModel_Alpha158_csi300_custom_step0_s_20260427_16,2b4d788c2de442818e394344bd545d1e,0.129,,,
2116,2026-04-27,SZ002709,-0.0023121727743249452,EXP_LGBModel_Alpha158_csi300_custom_step0_s_20260427_16,2b4d788c2de442818e394344bd545d1e,0.129,,,
2117,2026-04-27,SZ002714,-0.0023121727743249452,EXP_LGBModel_Alpha158_csi300_custom_step0_s_20260427_16,2b4d788c2de442818e394344bd545d1e,0.129,,,
2118,2026-04-27,SZ002736,-0.0023121727743249452,EXP_LGBModel_Alpha158_csi300_custom_step0_s_20260427_16,2b4d788c2de442818e394344bd545d1e,0.129,,,
2119,2026-04-27,SZ002916,-0.0034203872416754496,EXP_LGBModel_Alpha158_csi300_custom_step0_s_20260427_16,2b4d788c2de442818e394344bd545d1e,0.129,,,
2120,2026-04-27,SZ002920,-0.0023121727743249452,EXP_LGBModel_Alpha158_csi300_custom_step0_s_20260427_16,2b4d788c2de442818e394344bd545d1e,0.129,,,
2121,2026-04-27,SZ002938,2.9451583979917814e-10,EXP_LGBModel_Alpha158_csi300_custom_step0_s_20260427_16,2b4d788c2de442818e394344bd545d1e,0.129,,,
2122,2026-04-27,SZ003816,2.9451583979917814e-10,EXP_LGBModel_Alpha158_csi300_custom_step0_s_20260427_16,2b4d788c2de442818e394344bd545d1e,0.129,,,
2123,2026-04-27,SZ300014,2.9451583979917814e-10,EXP_LGBModel_Alpha158_csi300_custom_step0_s_20260427_16,2b4d788c2de442818e394344bd545d1e,0.129,,,
2124,2026-04-27,SZ300015,0.0023013966429913475,EXP_LGBModel_Alpha158_csi300_custom_step0_s_20260427_16,2b4d788c2de442818e394344bd545d1e,0.129,,,
2125,2026-04-27,SZ300033,-0.0023121727743249452,EXP_LGBModel_Alpha158_csi300_custom_step0_s_20260427_16,2b4d788c2de442818e394344bd545d1e,0.129,,,
2126,2026-04-27,SZ300059,-0.001864707839783127,EXP_LGBModel_Alpha158_csi300_custom_step0_s_20260427_16,2b4d788c2de442818e394344bd545d1e,0.129,,,
2127,2026-04-27,SZ002648,-0.0023121727743249452,EXP_LGBModel_Alpha158_csi300_custom_step0_s_20260427_16,2b4d788c2de442818e394344bd545d1e,0.129,,,
2128,2026-04-27,SH600918,2.9451583979917814e-10,EXP_LGBModel_Alpha158_csi300_custom_step0_s_20260427_16,2b4d788c2de442818e394344bd545d1e,0.129,,,
2129,2026-04-27,SH688472,0.001962230900134645,EXP_LGBModel_Alpha158_csi300_custom_step0_s_20260427_16,2b4d788c2de442818e394344bd545d1e,0.129,,,
2130,2026-04-27,SH688303,-0.0023121727743249452,EXP_LGBModel_Alpha158_csi300_custom_step0_s_20260427_16,2b4d788c2de442818e394344bd545d1e,0.129,,,
2131,2026-04-27,SH601236,2.9451583979917814e-10,EXP_LGBModel_Alpha158_csi300_custom_step0_s_20260427_16,2b4d788c2de442818e394344bd545d1e,0.129,,,
2132,2026-04-27,SH601238,-0.001864707839783127,EXP_LGBModel_Alpha158_csi300_custom_step0_s_20260427_16,2b4d788c2de442818e394344bd545d1e,0.129,,,
2133,2026-04-27,SH601288,2.9451583979917814e-10,EXP_LGBModel_Alpha158_csi300_custom_step0_s_20260427_16,2b4d788c2de442818e394344bd545d1e,0.129,,,
2134,2026-04-27,SH601298,0.0030654095595832893,EXP_LGBModel_Alpha158_csi300_custom_step0_s_20260427_16,2b4d788c2de442818e394344bd545d1e,0.129,,,
2135,2026-04-27,SH601318,0.0030654095595832893,EXP_LGBModel_Alpha158_csi300_custom_step0_s_20260427_16,2b4d788c2de442818e394344bd545d1e,0.129,,,
2136,2026-04-27,SH601319,2.9451583979917814e-10,EXP_LGBModel_Alpha158_csi300_custom_step0_s_20260427_16,2b4d788c2de442818e394344bd545d1e,0.129,,,
2137,2026-04-27,SH601328,0.0030654095595832893,EXP_LGBModel_Alpha158_csi300_custom_step0_s_20260427_16,2b4d788c2de442818e394344bd545d1e,0.129,,,
2138,2026-04-27,SH601336,0.001962230900134645,EXP_LGBModel_Alpha158_csi300_custom_step0_s_20260427_16,2b4d788c2de442818e394344bd545d1e,0.129,,,
2139,2026-04-27,SH601360,2.9451583979917814e-10,EXP_LGBModel_Alpha158_csi300_custom_step0_s_20260427_16,2b4d788c2de442818e394344bd545d1e,0.129,,,
2140,2026-04-27,SH601377,2.9451583979917814e-10,EXP_LGBModel_Alpha158_csi300_custom_step0_s_20260427_16,2b4d788c2de442818e394344bd545d1e,0.129,,,
2141,2026-04-27,SH601390,2.9451583979917814e-10,EXP_LGBModel_Alpha158_csi300_custom_step0_s_20260427_16,2b4d788c2de442818e394344bd545d1e,0.129,,,
2142,2026-04-27,SH601229,0.0030654095595832893,EXP_LGBModel_Alpha158_csi300_custom_step0_s_20260427_16,2b4d788c2de442818e394344bd545d1e,0.129,,,
2143,2026-04-27,SH601398,0.0030654095595832893,EXP_LGBModel_Alpha158_csi300_custom_step0_s_20260427_16,2b4d788c2de442818e394344bd545d1e,0.129,,,
2144,2026-04-27,SH601600,-0.0023121727743249452,EXP_LGBModel_Alpha158_csi300_custom_step0_s_20260427_16,2b4d788c2de442818e394344bd545d1e,0.129,,,
2145,2026-04-27,SH601601,-0.0023121727743249452,EXP_LGBModel_Alpha158_csi300_custom_step0_s_20260427_16,2b4d788c2de442818e394344bd545d1e,0.129,,,
2146,2026-04-27,SH601607,2.9451583979917814e-10,EXP_LGBModel_Alpha158_csi300_custom_step0_s_20260427_16,2b4d788c2de442818e394344bd545d1e,0.129,,,
2147,2026-04-27,SH601618,2.9451583979917814e-10,EXP_LGBModel_Alpha158_csi300_custom_step0_s_20260427_16,2b4d788c2de442818e394344bd545d1e,0.129,,,
2148,2026-04-27,SH601628,0.001962230900134645,EXP_LGBModel_Alpha158_csi300_custom_step0_s_20260427_16,2b4d788c2de442818e394344bd545d1e,0.129,,,
2149,2026-04-27,SH601633,2.9451583979917814e-10,EXP_LGBModel_Alpha158_csi300_custom_step0_s_20260427_16,2b4d788c2de442818e394344bd545d1e,0.129,,,
2150,2026-04-27,SH601658,0.0030654095595832893,EXP_LGBModel_Alpha158_csi300_custom_step0_s_20260427_16,2b4d788c2de442818e394344bd545d1e,0.129,,,
2151,2026-04-27,SH601668,2.9451583979917814e-10,EXP_LGBModel_Alpha158_csi300_custom_step0_s_20260427_16,2b4d788c2de442818e394344bd545d1e,0.129,,,
2152,2026-04-27,SH601669,2.9451583979917814e-10,EXP_LGBModel_Alpha158_csi300_custom_step0_s_20260427_16,2b4d788c2de442818e394344bd545d1e,0.129,,,
2153,2026-04-27,SH601688,2.9451583979917814e-10,EXP_LGBModel_Alpha158_csi300_custom_step0_s_20260427_16,2b4d788c2de442818e394344bd545d1e,0.129,,,
2154,2026-04-27,SH601689,-0.0023121727743249452,EXP_LGBModel_Alpha158_csi300_custom_step0_s_20260427_16,2b4d788c2de442818e394344bd545d1e,0.129,,,
2155,2026-04-27,SH601456,0.0030654095595832893,EXP_LGBModel_Alpha158_csi300_custom_step0_s_20260427_16,2b4d788c2de442818e394344bd545d1e,0.129,,,
2156,2026-04-27,SH601698,-0.0023121727743249452,EXP_LGBModel_Alpha158_csi300_custom_step0_s_20260427_16,2b4d788c2de442818e394344bd545d1e,0.129,,,
2157,2026-04-27,SH601225,2.9451583979917814e-10,EXP_LGBModel_Alpha158_csi300_custom_step0_s_20260427_16,2b4d788c2de442818e394344bd545d1e,0.129,,,
2158,2026-04-27,SH601186,2.9451583979917814e-10,EXP_LGBModel_Alpha158_csi300_custom_step0_s_20260427_16,2b4d788c2de442818e394344bd545d1e,0.129,,,
2159,2026-04-27,SH600926,2.9451583979917814e-10,EXP_LGBModel_Alpha158_csi300_custom_step0_s_20260427_16,2b4d788c2de442818e394344bd545d1e,0.129,,,
2160,2026-04-27,SH600930,-0.0023121727743249452,EXP_LGBModel_Alpha158_csi300_custom_step0_s_20260427_16,2b4d788c2de442818e394344bd545d1e,0.129,,,
2161,2026-04-27,SH600938,0.001962230900134645,EXP_LGBModel_Alpha158_csi300_custom_step0_s_20260427_16,2b4d788c2de442818e394344bd545d1e,0.129,,,
2162,2026-04-27,SH600941,0.0030654095595832893,EXP_LGBModel_Alpha158_csi300_custom_step0_s_20260427_16,2b4d788c2de442818e394344bd545d1e,0.129,,,
2163,2026-04-27,SH600989,-0.0023121727743249452,EXP_LGBModel_Alpha158_csi300_custom_step0_s_20260427_16,2b4d788c2de442818e394344bd545d1e,0.129,,,
2164,2026-04-27,SH600999,2.9451583979917814e-10,EXP_LGBModel_Alpha158_csi300_custom_step0_s_20260427_16,2b4d788c2de442818e394344bd545d1e,0.129,,,
2165,2026-04-27,SH601006,0.0030654095595832893,EXP_LGBModel_Alpha158_csi300_custom_step0_s_20260427_16,2b4d788c2de442818e394344bd545d1e,0.129,,,
2166,2026-04-27,SH601009,-0.0023121727743249452,EXP_LGBModel_Alpha158_csi300_custom_step0_s_20260427_16,2b4d788c2de442818e394344bd545d1e,0.129,,,
2167,2026-04-27,SH601012,0.001962230900134645,EXP_LGBModel_Alpha158_csi300_custom_step0_s_20260427_16,2b4d788c2de442818e394344bd545d1e,0.129,,,
2168,2026-04-27,SH601018,2.9451583979917814e-10,EXP_LGBModel_Alpha158_csi300_custom_step0_s_20260427_16,2b4d788c2de442818e394344bd545d1e,0.129,,,
2169,2026-04-27,SH601021,2.9451583979917814e-10,EXP_LGBModel_Alpha158_csi300_custom_step0_s_20260427_16,2b4d788c2de442818e394344bd545d1e,0.129,,,
2170,2026-04-27,SH601211,2.9451583979917814e-10,EXP_LGBModel_Alpha158_csi300_custom_step0_s_20260427_16,2b4d788c2de442818e394344bd545d1e,0.129,,,
2171,2026-04-27,SH601058,2.9451583979917814e-10,EXP_LGBModel_Alpha158_csi300_custom_step0_s_20260427_16,2b4d788c2de442818e394344bd545d1e,0.129,,,
2172,2026-04-27,SH601066,2.9451583979917814e-10,EXP_LGBModel_Alpha158_csi300_custom_step0_s_20260427_16,2b4d788c2de442818e394344bd545d1e,0.129,,,
2173,2026-04-27,SH601077,0.0030654095595832893,EXP_LGBModel_Alpha158_csi300_custom_step0_s_20260427_16,2b4d788c2de442818e394344bd545d1e,0.129,,,
2174,2026-04-27,SH601088,0.0030654095595832893,EXP_LGBModel_Alpha158_csi300_custom_step0_s_20260427_16,2b4d788c2de442818e394344bd545d1e,0.129,,,
2175,2026-04-27,SH601100,2.9451583979917814e-10,EXP_LGBModel_Alpha158_csi300_custom_step0_s_20260427_16,2b4d788c2de442818e394344bd545d1e,0.129,,,
2176,2026-04-27,SH601111,-0.0023121727743249452,EXP_LGBModel_Alpha158_csi300_custom_step0_s_20260427_16,2b4d788c2de442818e394344bd545d1e,0.129,,,
2177,2026-04-27,SH601117,2.9451583979917814e-10,EXP_LGBModel_Alpha158_csi300_custom_step0_s_20260427_16,2b4d788c2de442818e394344bd545d1e,0.129,,,
2178,2026-04-27,SH601127,2.9451583979917814e-10,EXP_LGBModel_Alpha158_csi300_custom_step0_s_20260427_16,2b4d788c2de442818e394344bd545d1e,0.129,,,
2179,2026-04-27,SH601136,2.9451583979917814e-10,EXP_LGBModel_Alpha158_csi300_custom_step0_s_20260427_16,2b4d788c2de442818e394344bd545d1e,0.129,,,
2180,2026-04-27,SH601138,2.9451583979917814e-10,EXP_LGBModel_Alpha158_csi300_custom_step0_s_20260427_16,2b4d788c2de442818e394344bd545d1e,0.129,,,
2181,2026-04-27,SH601166,2.9451583979917814e-10,EXP_LGBModel_Alpha158_csi300_custom_step0_s_20260427_16,2b4d788c2de442818e394344bd545d1e,0.129,,,
2182,2026-04-27,SH601169,0.0030654095595832893,EXP_LGBModel_Alpha158_csi300_custom_step0_s_20260427_16,2b4d788c2de442818e394344bd545d1e,0.129,,,
2183,2026-04-27,SH601059,0.0030654095595832893,EXP_LGBModel_Alpha158_csi300_custom_step0_s_20260427_16,2b4d788c2de442818e394344bd545d1e,0.129,,,
2184,2026-04-27,SH688396,2.9451583979917814e-10,EXP_LGBModel_Alpha158_csi300_custom_step0_s_20260427_16,2b4d788c2de442818e394344bd545d1e,0.129,,,
2185,2026-04-27,SH601728,0.0030654095595832893,EXP_LGBModel_Alpha158_csi300_custom_step0_s_20260427_16,2b4d788c2de442818e394344bd545d1e,0.129,,,
2186,2026-04-27,SH601788,2.9451583979917814e-10,EXP_LGBModel_Alpha158_csi300_custom_step0_s_20260427_16,2b4d788c2de442818e394344bd545d1e,0.129,,,
2187,2026-04-27,SH603296,2.9451583979917814e-10,EXP_LGBModel_Alpha158_csi300_custom_step0_s_20260427_16,2b4d788c2de442818e394344bd545d1e,0.129,,,
2188,2026-04-27,SH603369,2.9451583979917814e-10,EXP_LGBModel_Alpha158_csi300_custom_step0_s_20260427_16,2b4d788c2de442818e394344bd545d1e,0.129,,,
2189,2026-04-27,SH603392,0.0030654095595832893,EXP_LGBModel_Alpha158_csi300_custom_step0_s_20260427_16,2b4d788c2de442818e394344bd545d1e,0.129,,,
2190,2026-04-27,SH603501,2.9451583979917814e-10,EXP_LGBModel_Alpha158_csi300_custom_step0_s_20260427_16,2b4d788c2de442818e394344bd545d1e,0.129,,,
2191,2026-04-27,SH603799,-0.0023121727743249452,EXP_LGBModel_Alpha158_csi300_custom_step0_s_20260427_16,2b4d788c2de442818e394344bd545d1e,0.129,,,
2192,2026-04-27,SH603893,2.9451583979917814e-10,EXP_LGBModel_Alpha158_csi300_custom_step0_s_20260427_16,2b4d788c2de442818e394344bd545d1e,0.129,,,
2193,2026-04-27,SH603986,-0.0023121727743249452,EXP_LGBModel_Alpha158_csi300_custom_step0_s_20260427_16,2b4d788c2de442818e394344bd545d1e,0.129,,,
2194,2026-04-27,SH603993,-0.0023121727743249452,EXP_LGBModel_Alpha158_csi300_custom_step0_s_20260427_16,2b4d788c2de442818e394344bd545d1e,0.129,,,
2195,2026-04-27,SH605117,-0.0023121727743249452,EXP_LGBModel_Alpha158_csi300_custom_step0_s_20260427_16,2b4d788c2de442818e394344bd545d1e,0.129,,,
2196,2026-04-27,SH605499,2.9451583979917814e-10,EXP_LGBModel_Alpha158_csi300_custom_step0_s_20260427_16,2b4d788c2de442818e394344bd545d1e,0.129,,,
2197,2026-04-27,SH688008,-0.0023121727743249452,EXP_LGBModel_Alpha158_csi300_custom_step0_s_20260427_16,2b4d788c2de442818e394344bd545d1e,0.129,,,
2198,2026-04-27,SH603288,-0.001864707839783127,EXP_LGBModel_Alpha158_csi300_custom_step0_s_20260427_16,2b4d788c2de442818e394344bd545d1e,0.129,,,
2199,2026-04-27,SH688009,2.9451583979917814e-10,EXP_LGBModel_Alpha158_csi300_custom_step0_s_20260427_16,2b4d788c2de442818e394344bd545d1e,0.129,,,
2200,2026-04-27,SH688036,-0.0023121727743249452,EXP_LGBModel_Alpha158_csi300_custom_step0_s_20260427_16,2b4d788c2de442818e394344bd545d1e,0.129,,,
2201,2026-04-27,SH688041,2.9451583979917814e-10,EXP_LGBModel_Alpha158_csi300_custom_step0_s_20260427_16,2b4d788c2de442818e394344bd545d1e,0.129,,,
2202,2026-04-27,SH688047,-0.0023121727743249452,EXP_LGBModel_Alpha158_csi300_custom_step0_s_20260427_16,2b4d788c2de442818e394344bd545d1e,0.129,,,
2203,2026-04-27,SH688082,2.9451583979917814e-10,EXP_LGBModel_Alpha158_csi300_custom_step0_s_20260427_16,2b4d788c2de442818e394344bd545d1e,0.129,,,
2204,2026-04-27,SH688111,-0.001864707839783127,EXP_LGBModel_Alpha158_csi300_custom_step0_s_20260427_16,2b4d788c2de442818e394344bd545d1e,0.129,,,
2205,2026-04-27,SH688126,2.9451583979917814e-10,EXP_LGBModel_Alpha158_csi300_custom_step0_s_20260427_16,2b4d788c2de442818e394344bd545d1e,0.129,,,
2206,2026-04-27,SH688169,-0.0023121727743249452,EXP_LGBModel_Alpha158_csi300_custom_step0_s_20260427_16,2b4d788c2de442818e394344bd545d1e,0.129,,,
2207,2026-04-27,SH688187,2.9451583979917814e-10,EXP_LGBModel_Alpha158_csi300_custom_step0_s_20260427_16,2b4d788c2de442818e394344bd545d1e,0.129,,,
2208,2026-04-27,SH688223,-0.0023121727743249452,EXP_LGBModel_Alpha158_csi300_custom_step0_s_20260427_16,2b4d788c2de442818e394344bd545d1e,0.129,,,
2209,2026-04-27,SH688256,2.9451583979917814e-10,EXP_LGBModel_Alpha158_csi300_custom_step0_s_20260427_16,2b4d788c2de442818e394344bd545d1e,0.129,,,
2210,2026-04-27,SH688271,0.0030654095595832893,EXP_LGBModel_Alpha158_csi300_custom_step0_s_20260427_16,2b4d788c2de442818e394344bd545d1e,0.129,,,
2211,2026-04-27,SH688012,2.9451583979917814e-10,EXP_LGBModel_Alpha158_csi300_custom_step0_s_20260427_16,2b4d788c2de442818e394344bd545d1e,0.129,,,
2212,2026-04-27,SH601766,-0.0023121727743249452,EXP_LGBModel_Alpha158_csi300_custom_step0_s_20260427_16,2b4d788c2de442818e394344bd545d1e,0.129,,,
2213,2026-04-27,SH603260,2.9451583979917814e-10,EXP_LGBModel_Alpha158_csi300_custom_step0_s_20260427_16,2b4d788c2de442818e394344bd545d1e,0.129,,,
2214,2026-04-27,SH603195,2.9451583979917814e-10,EXP_LGBModel_Alpha158_csi300_custom_step0_s_20260427_16,2b4d788c2de442818e394344bd545d1e,0.129,,,
2215,2026-04-27,SH601800,-0.0023121727743249452,EXP_LGBModel_Alpha158_csi300_custom_step0_s_20260427_16,2b4d788c2de442818e394344bd545d1e,0.129,,,
2216,2026-04-27,SH601808,2.9451583979917814e-10,EXP_LGBModel_Alpha158_csi300_custom_step0_s_20260427_16,2b4d788c2de442818e394344bd545d1e,0.129,,,
2217,2026-04-27,SH601816,2.9451583979917814e-10,EXP_LGBModel_Alpha158_csi300_custom_step0_s_20260427_16,2b4d788c2de442818e394344bd545d1e,0.129,,,
2218,2026-04-27,SH601818,2.9451583979917814e-10,EXP_LGBModel_Alpha158_csi300_custom_step0_s_20260427_16,2b4d788c2de442818e394344bd545d1e,0.129,,,
2219,2026-04-27,SH601825,0.0030654095595832893,EXP_LGBModel_Alpha158_csi300_custom_step0_s_20260427_16,2b4d788c2de442818e394344bd545d1e,0.129,,,
2220,2026-04-27,SH601838,0.0023013966429913475,EXP_LGBModel_Alpha158_csi300_custom_step0_s_20260427_16,2b4d788c2de442818e394344bd545d1e,0.129,,,
2221,2026-04-27,SH601857,-0.0023121727743249452,EXP_LGBModel_Alpha158_csi300_custom_step0_s_20260427_16,2b4d788c2de442818e394344bd545d1e,0.129,,,
2222,2026-04-27,SH601868,-0.0023121727743249452,EXP_LGBModel_Alpha158_csi300_custom_step0_s_20260427_16,2b4d788c2de442818e394344bd545d1e,0.129,,,
2223,2026-04-27,SH601872,-0.0023121727743249452,EXP_LGBModel_Alpha158_csi300_custom_step0_s_20260427_16,2b4d788c2de442818e394344bd545d1e,0.129,,,
2224,2026-04-27,SH601877,-0.0023121727743249452,EXP_LGBModel_Alpha158_csi300_custom_step0_s_20260427_16,2b4d788c2de442818e394344bd545d1e,0.129,,,
2225,2026-04-27,SH601878,-0.001864707839783127,EXP_LGBModel_Alpha158_csi300_custom_step0_s_20260427_16,2b4d788c2de442818e394344bd545d1e,0.129,,,
2226,2026-04-27,SH603259,-0.0023121727743249452,EXP_LGBModel_Alpha158_csi300_custom_step0_s_20260427_16,2b4d788c2de442818e394344bd545d1e,0.129,,,
2227,2026-04-27,SH601881,-0.0023121727743249452,EXP_LGBModel_Alpha158_csi300_custom_step0_s_20260427_16,2b4d788c2de442818e394344bd545d1e,0.129,,,
2228,2026-04-27,SH601898,-0.0023121727743249452,EXP_LGBModel_Alpha158_csi300_custom_step0_s_20260427_16,2b4d788c2de442818e394344bd545d1e,0.129,,,
2229,2026-04-27,SH601899,-0.0023121727743249452,EXP_LGBModel_Alpha158_csi300_custom_step0_s_20260427_16,2b4d788c2de442818e394344bd545d1e,0.129,,,
2230,2026-04-27,SH601901,0.0030654095595832893,EXP_LGBModel_Alpha158_csi300_custom_step0_s_20260427_16,2b4d788c2de442818e394344bd545d1e,0.129,,,
2231,2026-04-27,SH601916,0.0030654095595832893,EXP_LGBModel_Alpha158_csi300_custom_step0_s_20260427_16,2b4d788c2de442818e394344bd545d1e,0.129,,,
2232,2026-04-27,SH601919,-0.0023121727743249452,EXP_LGBModel_Alpha158_csi300_custom_step0_s_20260427_16,2b4d788c2de442818e394344bd545d1e,0.129,,,
2233,2026-04-27,SH601939,2.9451583979917814e-10,EXP_LGBModel_Alpha158_csi300_custom_step0_s_20260427_16,2b4d788c2de442818e394344bd545d1e,0.129,,,
2234,2026-04-27,SH601985,2.9451583979917814e-10,EXP_LGBModel_Alpha158_csi300_custom_step0_s_20260427_16,2b4d788c2de442818e394344bd545d1e,0.129,,,
2235,2026-04-27,SH601988,0.001962230900134645,EXP_LGBModel_Alpha158_csi300_custom_step0_s_20260427_16,2b4d788c2de442818e394344bd545d1e,0.129,,,
2236,2026-04-27,SH601995,0.0030654095595832893,EXP_LGBModel_Alpha158_csi300_custom_step0_s_20260427_16,2b4d788c2de442818e394344bd545d1e,0.129,,,
2237,2026-04-27,SH601998,0.0030654095595832893,EXP_LGBModel_Alpha158_csi300_custom_step0_s_20260427_16,2b4d788c2de442818e394344bd545d1e,0.129,,,
2238,2026-04-27,SH603019,-0.0023121727743249452,EXP_LGBModel_Alpha158_csi300_custom_step0_s_20260427_16,2b4d788c2de442818e394344bd545d1e,0.129,,,
2239,2026-04-27,SH601888,-0.0023121727743249452,EXP_LGBModel_Alpha158_csi300_custom_step0_s_20260427_16,2b4d788c2de442818e394344bd545d1e,0.129,,,
2240,2026-04-27,SH601919,-0.02836320519253849,EXP_CatBoostModel_Alpha158_csi300_custom_step0_s_20260427_16,732dbce90c3341569abc8dd8e704d2a2,0.012,,,
2241,2026-04-27,SH601916,-0.02762415427745454,EXP_CatBoostModel_Alpha158_csi300_custom_step0_s_20260427_16,732dbce90c3341569abc8dd8e704d2a2,0.012,,,
2242,2026-04-27,SH601901,-0.02582206942071046,EXP_CatBoostModel_Alpha158_csi300_custom_step0_s_20260427_16,732dbce90c3341569abc8dd8e704d2a2,0.012,,,
2243,2026-04-27,SH601877,-0.0014574697218131896,EXP_CatBoostModel_Alpha158_csi300_custom_step0_s_20260427_16,bdb93489f35f4cceba1a605028c54154,0.098,,,
2244,2026-04-27,SH601878,8.164590831457062e-05,EXP_CatBoostModel_Alpha158_csi300_custom_step0_s_20260427_16,bdb93489f35f4cceba1a605028c54154,0.098,,,
2245,2026-04-27,SH601881,-0.0018578961989066133,EXP_CatBoostModel_Alpha158_csi300_custom_step0_s_20260427_16,bdb93489f35f4cceba1a605028c54154,0.098,,,
2246,2026-04-27,SH601888,8.164590831457062e-05,EXP_CatBoostModel_Alpha158_csi300_custom_step0_s_20260427_16,bdb93489f35f4cceba1a605028c54154,0.098,,,
2247,2026-04-27,SH601898,-0.0014574697218131896,EXP_CatBoostModel_Alpha158_csi300_custom_step0_s_20260427_16,bdb93489f35f4cceba1a605028c54154,0.098,,,
2248,2026-04-27,SH601899,8.164590831457062e-05,EXP_CatBoostModel_Alpha158_csi300_custom_step0_s_20260427_16,bdb93489f35f4cceba1a605028c54154,0.098,,,
2249,2026-04-27,SH601901,0.0020432812507931108,EXP_CatBoostModel_Alpha158_csi300_custom_step0_s_20260427_16,bdb93489f35f4cceba1a605028c54154,0.098,,,
2250,2026-04-27,SH601916,0.0020432812507931108,EXP_CatBoostModel_Alpha158_csi300_custom_step0_s_20260427_16,bdb93489f35f4cceba1a605028c54154,0.098,,,
2251,2026-04-27,SH601919,-0.0014574697218131896,EXP_CatBoostModel_Alpha158_csi300_custom_step0_s_20260427_16,bdb93489f35f4cceba1a605028c54154,0.098,,,
2252,2026-04-27,SH601939,0.0031839235548796678,EXP_CatBoostModel_Alpha158_csi300_custom_step0_s_20260427_16,bdb93489f35f4cceba1a605028c54154,0.098,,,
2253,2026-04-27,SH601985,0.0020432812507931108,EXP_CatBoostModel_Alpha158_csi300_custom_step0_s_20260427_16,bdb93489f35f4cceba1a605028c54154,0.098,,,
2254,2026-04-27,SH601872,-0.0014574697218131896,EXP_CatBoostModel_Alpha158_csi300_custom_step0_s_20260427_16,bdb93489f35f4cceba1a605028c54154,0.098,,,
2255,2026-04-27,SH601988,0.0008056467274852487,EXP_CatBoostModel_Alpha158_csi300_custom_step0_s_20260427_16,bdb93489f35f4cceba1a605028c54154,0.098,,,
2256,2026-04-27,SH601998,0.0031839235548796678,EXP_CatBoostModel_Alpha158_csi300_custom_step0_s_20260427_16,bdb93489f35f4cceba1a605028c54154,0.098,,,
2257,2026-04-27,SH603019,-0.0014574697218131896,EXP_CatBoostModel_Alpha158_csi300_custom_step0_s_20260427_16,bdb93489f35f4cceba1a605028c54154,0.098,,,
2258,2026-04-27,SH603195,0.0020432812507931108,EXP_CatBoostModel_Alpha158_csi300_custom_step0_s_20260427_16,bdb93489f35f4cceba1a605028c54154,0.098,,,
2259,2026-04-27,SH603259,-0.0014574697218131896,EXP_CatBoostModel_Alpha158_csi300_custom_step0_s_20260427_16,bdb93489f35f4cceba1a605028c54154,0.098,,,
2260,2026-04-27,SH603260,8.164590831457062e-05,EXP_CatBoostModel_Alpha158_csi300_custom_step0_s_20260427_16,bdb93489f35f4cceba1a605028c54154,0.098,,,
2261,2026-04-27,SH603288,8.164590831457062e-05,EXP_CatBoostModel_Alpha158_csi300_custom_step0_s_20260427_16,bdb93489f35f4cceba1a605028c54154,0.098,,,
2262,2026-04-27,SH603296,-0.0014574697218131896,EXP_CatBoostModel_Alpha158_csi300_custom_step0_s_20260427_16,bdb93489f35f4cceba1a605028c54154,0.098,,,
2263,2026-04-27,SH603369,-0.0016363134123185956,EXP_CatBoostModel_Alpha158_csi300_custom_step0_s_20260427_16,bdb93489f35f4cceba1a605028c54154,0.098,,,
2264,2026-04-27,SH603392,0.001465625640929135,EXP_CatBoostModel_Alpha158_csi300_custom_step0_s_20260427_16,bdb93489f35f4cceba1a605028c54154,0.098,,,
2265,2026-04-27,SH603501,-0.0014574697218131896,EXP_CatBoostModel_Alpha158_csi300_custom_step0_s_20260427_16,bdb93489f35f4cceba1a605028c54154,0.098,,,
2266,2026-04-27,SH603799,0.001961530391513848,EXP_CatBoostModel_Alpha158_csi300_custom_step0_s_20260427_16,bdb93489f35f4cceba1a605028c54154,0.098,,,
2267,2026-04-27,SH601995,0.0020432812507931108,EXP_CatBoostModel_Alpha158_csi300_custom_step0_s_20260427_16,bdb93489f35f4cceba1a605028c54154,0.098,,,
2268,2026-04-27,SH603893,-0.0014574697218131896,EXP_CatBoostModel_Alpha158_csi300_custom_step0_s_20260427_16,bdb93489f35f4cceba1a605028c54154,0.098,,,
2269,2026-04-27,SH601868,0.0008056467274852487,EXP_CatBoostModel_Alpha158_csi300_custom_step0_s_20260427_16,bdb93489f35f4cceba1a605028c54154,0.098,,,
2270,2026-04-27,SH601838,0.0031839235548796678,EXP_CatBoostModel_Alpha158_csi300_custom_step0_s_20260427_16,bdb93489f35f4cceba1a605028c54154,0.098,,,
2271,2026-04-27,SH601377,8.164590831457062e-05,EXP_CatBoostModel_Alpha158_csi300_custom_step0_s_20260427_16,bdb93489f35f4cceba1a605028c54154,0.098,,,
2272,2026-04-27,SH601390,8.164590831457062e-05,EXP_CatBoostModel_Alpha158_csi300_custom_step0_s_20260427_16,bdb93489f35f4cceba1a605028c54154,0.098,,,
2273,2026-04-27,SH601398,0.0020432812507931108,EXP_CatBoostModel_Alpha158_csi300_custom_step0_s_20260427_16,bdb93489f35f4cceba1a605028c54154,0.098,,,
2274,2026-04-27,SH601456,0.001465625640929135,EXP_CatBoostModel_Alpha158_csi300_custom_step0_s_20260427_16,bdb93489f35f4cceba1a605028c54154,0.098,,,
2275,2026-04-27,SH601600,-0.0014574697218131896,EXP_CatBoostModel_Alpha158_csi300_custom_step0_s_20260427_16,bdb93489f35f4cceba1a605028c54154,0.098,,,
2276,2026-04-27,SH601601,8.164590831457062e-05,EXP_CatBoostModel_Alpha158_csi300_custom_step0_s_20260427_16,bdb93489f35f4cceba1a605028c54154,0.098,,,
2277,2026-04-27,SH601607,0.0020432812507931108,EXP_CatBoostModel_Alpha158_csi300_custom_step0_s_20260427_16,bdb93489f35f4cceba1a605028c54154,0.098,,,
2278,2026-04-27,SH601618,0.0020432812507931108,EXP_CatBoostModel_Alpha158_csi300_custom_step0_s_20260427_16,bdb93489f35f4cceba1a605028c54154,0.098,,,
2279,2026-04-27,SH601628,8.164590831457062e-05,EXP_CatBoostModel_Alpha158_csi300_custom_step0_s_20260427_16,bdb93489f35f4cceba1a605028c54154,0.098,,,
2280,2026-04-27,SH601633,0.0020432812507931108,EXP_CatBoostModel_Alpha158_csi300_custom_step0_s_20260427_16,bdb93489f35f4cceba1a605028c54154,0.098,,,
2281,2026-04-27,SH601658,0.0031839235548796678,EXP_CatBoostModel_Alpha158_csi300_custom_step0_s_20260427_16,bdb93489f35f4cceba1a605028c54154,0.098,,,
2282,2026-04-27,SH601857,0.0020432812507931108,EXP_CatBoostModel_Alpha158_csi300_custom_step0_s_20260427_16,bdb93489f35f4cceba1a605028c54154,0.098,,,
2283,2026-04-27,SH601668,0.0020432812507931108,EXP_CatBoostModel_Alpha158_csi300_custom_step0_s_20260427_16,bdb93489f35f4cceba1a605028c54154,0.098,,,
2284,2026-04-27,SH601688,-0.0016363134123185956,EXP_CatBoostModel_Alpha158_csi300_custom_step0_s_20260427_16,bdb93489f35f4cceba1a605028c54154,0.098,,,
2285,2026-04-27,SH601689,-0.0014574697218131896,EXP_CatBoostModel_Alpha158_csi300_custom_step0_s_20260427_16,bdb93489f35f4cceba1a605028c54154,0.098,,,
2286,2026-04-27,SH601698,-0.0014574697218131896,EXP_CatBoostModel_Alpha158_csi300_custom_step0_s_20260427_16,bdb93489f35f4cceba1a605028c54154,0.098,,,
2287,2026-04-27,SH601728,0.0020432812507931108,EXP_CatBoostModel_Alpha158_csi300_custom_step0_s_20260427_16,bdb93489f35f4cceba1a605028c54154,0.098,,,
2288,2026-04-27,SH601766,0.0020432812507931108,EXP_CatBoostModel_Alpha158_csi300_custom_step0_s_20260427_16,bdb93489f35f4cceba1a605028c54154,0.098,,,
2289,2026-04-27,SH601788,0.001465625640929135,EXP_CatBoostModel_Alpha158_csi300_custom_step0_s_20260427_16,bdb93489f35f4cceba1a605028c54154,0.098,,,
2290,2026-04-27,SH601800,-0.0018578961989066133,EXP_CatBoostModel_Alpha158_csi300_custom_step0_s_20260427_16,bdb93489f35f4cceba1a605028c54154,0.098,,,
2291,2026-04-27,SH601808,8.164590831457062e-05,EXP_CatBoostModel_Alpha158_csi300_custom_step0_s_20260427_16,bdb93489f35f4cceba1a605028c54154,0.098,,,
2292,2026-04-27,SH601816,0.0020432812507931108,EXP_CatBoostModel_Alpha158_csi300_custom_step0_s_20260427_16,bdb93489f35f4cceba1a605028c54154,0.098,,,
2293,2026-04-27,SH601818,0.0020432812507931108,EXP_CatBoostModel_Alpha158_csi300_custom_step0_s_20260427_16,bdb93489f35f4cceba1a605028c54154,0.098,,,
2294,2026-04-27,SH601825,0.0031839235548796678,EXP_CatBoostModel_Alpha158_csi300_custom_step0_s_20260427_16,bdb93489f35f4cceba1a605028c54154,0.098,,,
2295,2026-04-27,SH601669,8.164590831457062e-05,EXP_CatBoostModel_Alpha158_csi300_custom_step0_s_20260427_16,bdb93489f35f4cceba1a605028c54154,0.098,,,
2296,2026-04-27,SH601360,8.164590831457062e-05,EXP_CatBoostModel_Alpha158_csi300_custom_step0_s_20260427_16,bdb93489f35f4cceba1a605028c54154,0.098,,,
2297,2026-04-27,SH603986,-0.0014574697218131896,EXP_CatBoostModel_Alpha158_csi300_custom_step0_s_20260427_16,bdb93489f35f4cceba1a605028c54154,0.098,,,
2298,2026-04-27,SH605117,-0.0014574697218131896,EXP_CatBoostModel_Alpha158_csi300_custom_step0_s_20260427_16,bdb93489f35f4cceba1a605028c54154,0.098,,,
2299,2026-04-27,SZ000338,-0.0014574697218131896,EXP_CatBoostModel_Alpha158_csi300_custom_step0_s_20260427_16,bdb93489f35f4cceba1a605028c54154,0.098,,,
2300,2026-04-27,SZ000408,-0.0014574697218131896,EXP_CatBoostModel_Alpha158_csi300_custom_step0_s_20260427_16,bdb93489f35f4cceba1a605028c54154,0.098,,,
2301,2026-04-27,SZ000425,-0.0014574697218131896,EXP_CatBoostModel_Alpha158_csi300_custom_step0_s_20260427_16,bdb93489f35f4cceba1a605028c54154,0.098,,,
2302,2026-04-27,SZ000538,0.001465625640929135,EXP_CatBoostModel_Alpha158_csi300_custom_step0_s_20260427_16,bdb93489f35f4cceba1a605028c54154,0.098,,,
2303,2026-04-27,SZ000568,0.0020432812507931108,EXP_CatBoostModel_Alpha158_csi300_custom_step0_s_20260427_16,bdb93489f35f4cceba1a605028c54154,0.098,,,
2304,2026-04-27,SZ000596,8.164590831457062e-05,EXP_CatBoostModel_Alpha158_csi300_custom_step0_s_20260427_16,bdb93489f35f4cceba1a605028c54154,0.098,,,
2305,2026-04-27,SZ000617,-0.0014574697218131896,EXP_CatBoostModel_Alpha158_csi300_custom_step0_s_20260427_16,bdb93489f35f4cceba1a605028c54154,0.098,,,
2306,2026-04-27,SZ000625,8.164590831457062e-05,EXP_CatBoostModel_Alpha158_csi300_custom_step0_s_20260427_16,bdb93489f35f4cceba1a605028c54154,0.098,,,
2307,2026-04-27,SZ000630,0.0008056467274852487,EXP_CatBoostModel_Alpha158_csi300_custom_step0_s_20260427_16,bdb93489f35f4cceba1a605028c54154,0.098,,,
2308,2026-04-27,SZ000651,0.0020432812507931108,EXP_CatBoostModel_Alpha158_csi300_custom_step0_s_20260427_16,bdb93489f35f4cceba1a605028c54154,0.098,,,
2309,2026-04-27,SZ000661,0.0020432812507931108,EXP_CatBoostModel_Alpha158_csi300_custom_step0_s_20260427_16,bdb93489f35f4cceba1a605028c54154,0.098,,,
2310,2026-04-27,SZ000333,0.0031839235548796678,EXP_CatBoostModel_Alpha158_csi300_custom_step0_s_20260427_16,bdb93489f35f4cceba1a605028c54154,0.098,,,
2311,2026-04-27,SZ000708,-0.0014574697218131896,EXP_CatBoostModel_Alpha158_csi300_custom_step0_s_20260427_16,bdb93489f35f4cceba1a605028c54154,0.098,,,
2312,2026-04-27,SZ000768,8.164590831457062e-05,EXP_CatBoostModel_Alpha158_csi300_custom_step0_s_20260427_16,bdb93489f35f4cceba1a605028c54154,0.098,,,
2313,2026-04-27,SZ000776,8.164590831457062e-05,EXP_CatBoostModel_Alpha158_csi300_custom_step0_s_20260427_16,bdb93489f35f4cceba1a605028c54154,0.098,,,
2314,2026-04-27,SZ000786,0.0020432812507931108,EXP_CatBoostModel_Alpha158_csi300_custom_step0_s_20260427_16,bdb93489f35f4cceba1a605028c54154,0.098,,,
2315,2026-04-27,SZ000792,-0.0014574697218131896,EXP_CatBoostModel_Alpha158_csi300_custom_step0_s_20260427_16,bdb93489f35f4cceba1a605028c54154,0.098,,,
2316,2026-04-27,SZ000807,-0.0014574697218131896,EXP_CatBoostModel_Alpha158_csi300_custom_step0_s_20260427_16,bdb93489f35f4cceba1a605028c54154,0.098,,,
2317,2026-04-27,SZ000858,0.001465625640929135,EXP_CatBoostModel_Alpha158_csi300_custom_step0_s_20260427_16,bdb93489f35f4cceba1a605028c54154,0.098,,,
2318,2026-04-27,SZ000876,8.164590831457062e-05,EXP_CatBoostModel_Alpha158_csi300_custom_step0_s_20260427_16,bdb93489f35f4cceba1a605028c54154,0.098,,,
2319,2026-04-27,SZ000895,0.0031839235548796678,EXP_CatBoostModel_Alpha158_csi300_custom_step0_s_20260427_16,bdb93489f35f4cceba1a605028c54154,0.098,,,
2320,2026-04-27,SZ000938,-0.0014574697218131896,EXP_CatBoostModel_Alpha158_csi300_custom_step0_s_20260427_16,bdb93489f35f4cceba1a605028c54154,0.098,,,
2321,2026-04-27,SZ000963,8.164590831457062e-05,EXP_CatBoostModel_Alpha158_csi300_custom_step0_s_20260427_16,bdb93489f35f4cceba1a605028c54154,0.098,,,
2322,2026-04-27,SZ000975,-0.0014574697218131896,EXP_CatBoostModel_Alpha158_csi300_custom_step0_s_20260427_16,bdb93489f35f4cceba1a605028c54154,0.098,,,
2323,2026-04-27,SZ000725,-0.0014574697218131896,EXP_CatBoostModel_Alpha158_csi300_custom_step0_s_20260427_16,bdb93489f35f4cceba1a605028c54154,0.098,,,
2324,2026-04-27,SH603993,-0.0014574697218131896,EXP_CatBoostModel_Alpha158_csi300_custom_step0_s_20260427_16,bdb93489f35f4cceba1a605028c54154,0.098,,,
2325,2026-04-27,SZ000301,-0.0014574697218131896,EXP_CatBoostModel_Alpha158_csi300_custom_step0_s_20260427_16,bdb93489f35f4cceba1a605028c54154,0.098,,,
2326,2026-04-27,SZ000157,-0.0018578961989066133,EXP_CatBoostModel_Alpha158_csi300_custom_step0_s_20260427_16,bdb93489f35f4cceba1a605028c54154,0.098,,,
2327,2026-04-27,SH605499,-0.0014574697218131896,EXP_CatBoostModel_Alpha158_csi300_custom_step0_s_20260427_16,bdb93489f35f4cceba1a605028c54154,0.098,,,
2328,2026-04-27,SH688008,-0.0014574697218131896,EXP_CatBoostModel_Alpha158_csi300_custom_step0_s_20260427_16,bdb93489f35f4cceba1a605028c54154,0.098,,,
2329,2026-04-27,SH688009,8.164590831457062e-05,EXP_CatBoostModel_Alpha158_csi300_custom_step0_s_20260427_16,bdb93489f35f4cceba1a605028c54154,0.098,,,
2330,2026-04-27,SH688012,-0.0014574697218131896,EXP_CatBoostModel_Alpha158_csi300_custom_step0_s_20260427_16,bdb93489f35f4cceba1a605028c54154,0.098,,,
2331,2026-04-27,SH688036,-0.0014574697218131896,EXP_CatBoostModel_Alpha158_csi300_custom_step0_s_20260427_16,bdb93489f35f4cceba1a605028c54154,0.098,,,
2332,2026-04-27,SH688041,-0.0014574697218131896,EXP_CatBoostModel_Alpha158_csi300_custom_step0_s_20260427_16,bdb93489f35f4cceba1a605028c54154,0.098,,,
2333,2026-04-27,SH688047,-0.0014574697218131896,EXP_CatBoostModel_Alpha158_csi300_custom_step0_s_20260427_16,bdb93489f35f4cceba1a605028c54154,0.098,,,
2334,2026-04-27,SH688082,8.164590831457062e-05,EXP_CatBoostModel_Alpha158_csi300_custom_step0_s_20260427_16,bdb93489f35f4cceba1a605028c54154,0.098,,,
2335,2026-04-27,SH688111,8.164590831457062e-05,EXP_CatBoostModel_Alpha158_csi300_custom_step0_s_20260427_16,bdb93489f35f4cceba1a605028c54154,0.098,,,
2336,2026-04-27,SH688126,-0.0014574697218131896,EXP_CatBoostModel_Alpha158_csi300_custom_step0_s_20260427_16,bdb93489f35f4cceba1a605028c54154,0.098,,,
2337,2026-04-27,SH688169,-0.0014574697218131896,EXP_CatBoostModel_Alpha158_csi300_custom_step0_s_20260427_16,bdb93489f35f4cceba1a605028c54154,0.098,,,
2338,2026-04-27,SZ000166,0.0020432812507931108,EXP_CatBoostModel_Alpha158_csi300_custom_step0_s_20260427_16,bdb93489f35f4cceba1a605028c54154,0.098,,,
2339,2026-04-27,SH688187,-0.0016363134123185956,EXP_CatBoostModel_Alpha158_csi300_custom_step0_s_20260427_16,bdb93489f35f4cceba1a605028c54154,0.098,,,
2340,2026-04-27,SH688256,-0.0014574697218131896,EXP_CatBoostModel_Alpha158_csi300_custom_step0_s_20260427_16,bdb93489f35f4cceba1a605028c54154,0.098,,,
2341,2026-04-27,SH688271,0.0020432812507931108,EXP_CatBoostModel_Alpha158_csi300_custom_step0_s_20260427_16,bdb93489f35f4cceba1a605028c54154,0.098,,,
2342,2026-04-27,SH688303,-0.0014574697218131896,EXP_CatBoostModel_Alpha158_csi300_custom_step0_s_20260427_16,bdb93489f35f4cceba1a605028c54154,0.098,,,
2343,2026-04-27,SH688396,-0.0014574697218131896,EXP_CatBoostModel_Alpha158_csi300_custom_step0_s_20260427_16,bdb93489f35f4cceba1a605028c54154,0.098,,,
2344,2026-04-27,SH688472,8.164590831457062e-05,EXP_CatBoostModel_Alpha158_csi300_custom_step0_s_20260427_16,bdb93489f35f4cceba1a605028c54154,0.098,,,
2345,2026-04-27,SH688506,-0.0014574697218131896,EXP_CatBoostModel_Alpha158_csi300_custom_step0_s_20260427_16,bdb93489f35f4cceba1a605028c54154,0.098,,,
2346,2026-04-27,SH688981,-0.0014574697218131896,EXP_CatBoostModel_Alpha158_csi300_custom_step0_s_20260427_16,bdb93489f35f4cceba1a605028c54154,0.098,,,
2347,2026-04-27,SZ000001,-0.0021745548771741393,EXP_CatBoostModel_Alpha158_csi300_custom_step0_s_20260427_16,bdb93489f35f4cceba1a605028c54154,0.098,,,
2348,2026-04-27,SZ000002,-0.0014574697218131896,EXP_CatBoostModel_Alpha158_csi300_custom_step0_s_20260427_16,bdb93489f35f4cceba1a605028c54154,0.098,,,
2349,2026-04-27,SZ000063,-0.0014574697218131896,EXP_CatBoostModel_Alpha158_csi300_custom_step0_s_20260427_16,bdb93489f35f4cceba1a605028c54154,0.098,,,
2350,2026-04-27,SZ000100,8.164590831457062e-05,EXP_CatBoostModel_Alpha158_csi300_custom_step0_s_20260427_16,bdb93489f35f4cceba1a605028c54154,0.098,,,
2351,2026-04-27,SH688223,-0.0014574697218131896,EXP_CatBoostModel_Alpha158_csi300_custom_step0_s_20260427_16,bdb93489f35f4cceba1a605028c54154,0.098,,,
2352,2026-04-27,SZ000977,-0.0014574697218131896,EXP_CatBoostModel_Alpha158_csi300_custom_step0_s_20260427_16,bdb93489f35f4cceba1a605028c54154,0.098,,,
2353,2026-04-27,SH601336,-0.0016363134123185956,EXP_CatBoostModel_Alpha158_csi300_custom_step0_s_20260427_16,bdb93489f35f4cceba1a605028c54154,0.098,,,
2354,2026-04-27,SH601319,8.164590831457062e-05,EXP_CatBoostModel_Alpha158_csi300_custom_step0_s_20260427_16,bdb93489f35f4cceba1a605028c54154,0.098,,,
2355,2026-04-27,SH600161,8.164590831457062e-05,EXP_CatBoostModel_Alpha158_csi300_custom_step0_s_20260427_16,bdb93489f35f4cceba1a605028c54154,0.098,,,
2356,2026-04-27,SH600176,0.003703183397340825,EXP_CatBoostModel_Alpha158_csi300_custom_step0_s_20260427_16,bdb93489f35f4cceba1a605028c54154,0.098,,,
2357,2026-04-27,SH600183,-0.0014574697218131896,EXP_CatBoostModel_Alpha158_csi300_custom_step0_s_20260427_16,bdb93489f35f4cceba1a605028c54154,0.098,,,
2358,2026-04-27,SH600188,-0.0014574697218131896,EXP_CatBoostModel_Alpha158_csi300_custom_step0_s_20260427_16,bdb93489f35f4cceba1a605028c54154,0.098,,,
2359,2026-04-27,SH600196,-0.0014574697218131896,EXP_CatBoostModel_Alpha158_csi300_custom_step0_s_20260427_16,bdb93489f35f4cceba1a605028c54154,0.098,,,
2360,2026-04-27,SH600219,-0.0014574697218131896,EXP_CatBoostModel_Alpha158_csi300_custom_step0_s_20260427_16,bdb93489f35f4cceba1a605028c54154,0.098,,,
2361,2026-04-27,SH600233,-0.0014574697218131896,EXP_CatBoostModel_Alpha158_csi300_custom_step0_s_20260427_16,bdb93489f35f4cceba1a605028c54154,0.098,,,
2362,2026-04-27,SH600276,0.0031839235548796678,EXP_CatBoostModel_Alpha158_csi300_custom_step0_s_20260427_16,bdb93489f35f4cceba1a605028c54154,0.098,,,
2363,2026-04-27,SH600309,8.164590831457062e-05,EXP_CatBoostModel_Alpha158_csi300_custom_step0_s_20260427_16,bdb93489f35f4cceba1a605028c54154,0.098,,,
2364,2026-04-27,SH600346,-0.0016363134123185956,EXP_CatBoostModel_Alpha158_csi300_custom_step0_s_20260427_16,bdb93489f35f4cceba1a605028c54154,0.098,,,
2365,2026-04-27,SH600362,-0.0014574697218131896,EXP_CatBoostModel_Alpha158_csi300_custom_step0_s_20260427_16,bdb93489f35f4cceba1a605028c54154,0.098,,,
2366,2026-04-27,SH600160,-0.0016363134123185956,EXP_CatBoostModel_Alpha158_csi300_custom_step0_s_20260427_16,bdb93489f35f4cceba1a605028c54154,0.098,,,
2367,2026-04-27,SH600372,-0.004589972973506052,EXP_CatBoostModel_Alpha158_csi300_custom_step0_s_20260427_16,bdb93489f35f4cceba1a605028c54154,0.098,,,
2368,2026-04-27,SH600406,-0.0016363134123185956,EXP_CatBoostModel_Alpha158_csi300_custom_step0_s_20260427_16,bdb93489f35f4cceba1a605028c54154,0.098,,,
2369,2026-04-27,SH600415,-0.0014574697218131896,EXP_CatBoostModel_Alpha158_csi300_custom_step0_s_20260427_16,bdb93489f35f4cceba1a605028c54154,0.098,,,
2370,2026-04-27,SH600426,-0.0014574697218131896,EXP_CatBoostModel_Alpha158_csi300_custom_step0_s_20260427_16,bdb93489f35f4cceba1a605028c54154,0.098,,,
2371,2026-04-27,SH600436,-0.0018578961989066133,EXP_CatBoostModel_Alpha158_csi300_custom_step0_s_20260427_16,bdb93489f35f4cceba1a605028c54154,0.098,,,
2372,2026-04-27,SH600438,-0.0014574697218131896,EXP_CatBoostModel_Alpha158_csi300_custom_step0_s_20260427_16,bdb93489f35f4cceba1a605028c54154,0.098,,,
2373,2026-04-27,SH600460,-0.0014574697218131896,EXP_CatBoostModel_Alpha158_csi300_custom_step0_s_20260427_16,bdb93489f35f4cceba1a605028c54154,0.098,,,
2374,2026-04-27,SH600482,-0.0014574697218131896,EXP_CatBoostModel_Alpha158_csi300_custom_step0_s_20260427_16,bdb93489f35f4cceba1a605028c54154,0.098,,,
2375,2026-04-27,SH600489,-0.0014574697218131896,EXP_CatBoostModel_Alpha158_csi300_custom_step0_s_20260427_16,bdb93489f35f4cceba1a605028c54154,0.098,,,
2376,2026-04-27,SH600515,-0.0014574697218131896,EXP_CatBoostModel_Alpha158_csi300_custom_step0_s_20260427_16,bdb93489f35f4cceba1a605028c54154,0.098,,,
2377,2026-04-27,SH600519,0.001465625640929135,EXP_CatBoostModel_Alpha158_csi300_custom_step0_s_20260427_16,bdb93489f35f4cceba1a605028c54154,0.098,,,
2378,2026-04-27,SH600522,-0.0014574697218131896,EXP_CatBoostModel_Alpha158_csi300_custom_step0_s_20260427_16,bdb93489f35f4cceba1a605028c54154,0.098,,,
2379,2026-04-27,SH600377,8.164590831457062e-05,EXP_CatBoostModel_Alpha158_csi300_custom_step0_s_20260427_16,bdb93489f35f4cceba1a605028c54154,0.098,,,
2380,2026-04-27,SH600547,-0.0018578961989066133,EXP_CatBoostModel_Alpha158_csi300_custom_step0_s_20260427_16,bdb93489f35f4cceba1a605028c54154,0.098,,,
2381,2026-04-27,SH600150,-0.0014574697218131896,EXP_CatBoostModel_Alpha158_csi300_custom_step0_s_20260427_16,bdb93489f35f4cceba1a605028c54154,0.098,,,
2382,2026-04-27,SH600111,-0.0014574697218131896,EXP_CatBoostModel_Alpha158_csi300_custom_step0_s_20260427_16,bdb93489f35f4cceba1a605028c54154,0.098,,,
2383,2026-04-27,SH600009,0.0020432812507931108,EXP_CatBoostModel_Alpha158_csi300_custom_step0_s_20260427_16,bdb93489f35f4cceba1a605028c54154,0.098,,,
2384,2026-04-27,SH600010,-0.0014574697218131896,EXP_CatBoostModel_Alpha158_csi300_custom_step0_s_20260427_16,bdb93489f35f4cceba1a605028c54154,0.098,,,
2385,2026-04-27,SH600011,0.0008056467274852487,EXP_CatBoostModel_Alpha158_csi300_custom_step0_s_20260427_16,bdb93489f35f4cceba1a605028c54154,0.098,,,
2386,2026-04-27,SH600015,0.0020432812507931108,EXP_CatBoostModel_Alpha158_csi300_custom_step0_s_20260427_16,bdb93489f35f4cceba1a605028c54154,0.098,,,
2387,2026-04-27,SH600016,0.0020432812507931108,EXP_CatBoostModel_Alpha158_csi300_custom_step0_s_20260427_16,bdb93489f35f4cceba1a605028c54154,0.098,,,
2388,2026-04-27,SH600018,0.0020432812507931108,EXP_CatBoostModel_Alpha158_csi300_custom_step0_s_20260427_16,bdb93489f35f4cceba1a605028c54154,0.098,,,
2389,2026-04-27,SH600019,0.0020432812507931108,EXP_CatBoostModel_Alpha158_csi300_custom_step0_s_20260427_16,bdb93489f35f4cceba1a605028c54154,0.098,,,
2390,2026-04-27,SH600023,0.0031839235548796678,EXP_CatBoostModel_Alpha158_csi300_custom_step0_s_20260427_16,bdb93489f35f4cceba1a605028c54154,0.098,,,
2391,2026-04-27,SH600025,8.164590831457062e-05,EXP_CatBoostModel_Alpha158_csi300_custom_step0_s_20260427_16,bdb93489f35f4cceba1a605028c54154,0.098,,,
2392,2026-04-27,SH600026,-0.0014574697218131896,EXP_CatBoostModel_Alpha158_csi300_custom_step0_s_20260427_16,bdb93489f35f4cceba1a605028c54154,0.098,,,
2393,2026-04-27,SH600027,-0.0014574697218131896,EXP_CatBoostModel_Alpha158_csi300_custom_step0_s_20260427_16,bdb93489f35f4cceba1a605028c54154,0.098,,,
2394,2026-04-27,SH600115,0.0008056467274852487,EXP_CatBoostModel_Alpha158_csi300_custom_step0_s_20260427_16,bdb93489f35f4cceba1a605028c54154,0.098,,,
2395,2026-04-27,SH600028,-0.0018578961989066133,EXP_CatBoostModel_Alpha158_csi300_custom_step0_s_20260427_16,bdb93489f35f4cceba1a605028c54154,0.098,,,
2396,2026-04-27,SH600030,8.164590831457062e-05,EXP_CatBoostModel_Alpha158_csi300_custom_step0_s_20260427_16,bdb93489f35f4cceba1a605028c54154,0.098,,,
2397,2026-04-27,SH600031,-0.0018578961989066133,EXP_CatBoostModel_Alpha158_csi300_custom_step0_s_20260427_16,bdb93489f35f4cceba1a605028c54154,0.098,,,
2398,2026-04-27,SH600036,0.001465625640929135,EXP_CatBoostModel_Alpha158_csi300_custom_step0_s_20260427_16,bdb93489f35f4cceba1a605028c54154,0.098,,,
2399,2026-04-27,SH600039,0.001961530391513848,EXP_CatBoostModel_Alpha158_csi300_custom_step0_s_20260427_16,bdb93489f35f4cceba1a605028c54154,0.098,,,
2400,2026-04-27,SH600048,8.164590831457062e-05,EXP_CatBoostModel_Alpha158_csi300_custom_step0_s_20260427_16,bdb93489f35f4cceba1a605028c54154,0.098,,,
2401,2026-04-27,SH600050,8.164590831457062e-05,EXP_CatBoostModel_Alpha158_csi300_custom_step0_s_20260427_16,bdb93489f35f4cceba1a605028c54154,0.098,,,
2402,2026-04-27,SH600061,-0.0014574697218131896,EXP_CatBoostModel_Alpha158_csi300_custom_step0_s_20260427_16,bdb93489f35f4cceba1a605028c54154,0.098,,,
2403,2026-04-27,SH600066,0.0008056467274852487,EXP_CatBoostModel_Alpha158_csi300_custom_step0_s_20260427_16,bdb93489f35f4cceba1a605028c54154,0.098,,,
2404,2026-04-27,SH600085,8.164590831457062e-05,EXP_CatBoostModel_Alpha158_csi300_custom_step0_s_20260427_16,bdb93489f35f4cceba1a605028c54154,0.098,,,
2405,2026-04-27,SH600089,8.164590831457062e-05,EXP_CatBoostModel_Alpha158_csi300_custom_step0_s_20260427_16,bdb93489f35f4cceba1a605028c54154,0.098,,,
2406,2026-04-27,SH600104,0.0020432812507931108,EXP_CatBoostModel_Alpha158_csi300_custom_step0_s_20260427_16,bdb93489f35f4cceba1a605028c54154,0.098,,,
2407,2026-04-27,SH600029,8.164590831457062e-05,EXP_CatBoostModel_Alpha158_csi300_custom_step0_s_20260427_16,bdb93489f35f4cceba1a605028c54154,0.098,,,
2408,2026-04-27,SH601328,0.0020432812507931108,EXP_CatBoostModel_Alpha158_csi300_custom_step0_s_20260427_16,bdb93489f35f4cceba1a605028c54154,0.098,,,
2409,2026-04-27,SH600570,8.164590831457062e-05,EXP_CatBoostModel_Alpha158_csi300_custom_step0_s_20260427_16,bdb93489f35f4cceba1a605028c54154,0.098,,,
2410,2026-04-27,SH600585,-0.0018578961989066133,EXP_CatBoostModel_Alpha158_csi300_custom_step0_s_20260427_16,bdb93489f35f4cceba1a605028c54154,0.098,,,
2411,2026-04-27,SH601018,8.164590831457062e-05,EXP_CatBoostModel_Alpha158_csi300_custom_step0_s_20260427_16,bdb93489f35f4cceba1a605028c54154,0.098,,,
2412,2026-04-27,SH601021,8.164590831457062e-05,EXP_CatBoostModel_Alpha158_csi300_custom_step0_s_20260427_16,bdb93489f35f4cceba1a605028c54154,0.098,,,
2413,2026-04-27,SH601058,0.0020432812507931108,EXP_CatBoostModel_Alpha158_csi300_custom_step0_s_20260427_16,bdb93489f35f4cceba1a605028c54154,0.098,,,
2414,2026-04-27,SH601059,0.0020432812507931108,EXP_CatBoostModel_Alpha158_csi300_custom_step0_s_20260427_16,bdb93489f35f4cceba1a605028c54154,0.098,,,
2415,2026-04-27,SH601066,8.164590831457062e-05,EXP_CatBoostModel_Alpha158_csi300_custom_step0_s_20260427_16,bdb93489f35f4cceba1a605028c54154,0.098,,,
2416,2026-04-27,SH601077,0.0031839235548796678,EXP_CatBoostModel_Alpha158_csi300_custom_step0_s_20260427_16,bdb93489f35f4cceba1a605028c54154,0.098,,,
2417,2026-04-27,SH601088,8.164590831457062e-05,EXP_CatBoostModel_Alpha158_csi300_custom_step0_s_20260427_16,bdb93489f35f4cceba1a605028c54154,0.098,,,
2418,2026-04-27,SH601100,-0.0014574697218131896,EXP_CatBoostModel_Alpha158_csi300_custom_step0_s_20260427_16,bdb93489f35f4cceba1a605028c54154,0.098,,,
2419,2026-04-27,SH601111,-0.0014574697218131896,EXP_CatBoostModel_Alpha158_csi300_custom_step0_s_20260427_16,bdb93489f35f4cceba1a605028c54154,0.098,,,
2420,2026-04-27,SH601117,8.164590831457062e-05,EXP_CatBoostModel_Alpha158_csi300_custom_step0_s_20260427_16,bdb93489f35f4cceba1a605028c54154,0.098,,,
2421,2026-04-27,SH601127,8.164590831457062e-05,EXP_CatBoostModel_Alpha158_csi300_custom_step0_s_20260427_16,bdb93489f35f4cceba1a605028c54154,0.098,,,
2422,2026-04-27,SH601012,8.164590831457062e-05,EXP_CatBoostModel_Alpha158_csi300_custom_step0_s_20260427_16,bdb93489f35f4cceba1a605028c54154,0.098,,,
2423,2026-04-27,SH601136,8.164590831457062e-05,EXP_CatBoostModel_Alpha158_csi300_custom_step0_s_20260427_16,bdb93489f35f4cceba1a605028c54154,0.098,,,
2424,2026-04-27,SH601166,0.001465625640929135,EXP_CatBoostModel_Alpha158_csi300_custom_step0_s_20260427_16,bdb93489f35f4cceba1a605028c54154,0.098,,,
2425,2026-04-27,SH601169,0.0020432812507931108,EXP_CatBoostModel_Alpha158_csi300_custom_step0_s_20260427_16,bdb93489f35f4cceba1a605028c54154,0.098,,,
2426,2026-04-27,SH601186,0.0020432812507931108,EXP_CatBoostModel_Alpha158_csi300_custom_step0_s_20260427_16,bdb93489f35f4cceba1a605028c54154,0.098,,,
2427,2026-04-27,SH601211,8.164590831457062e-05,EXP_CatBoostModel_Alpha158_csi300_custom_step0_s_20260427_16,bdb93489f35f4cceba1a605028c54154,0.098,,,
2428,2026-04-27,SH601225,-0.0014574697218131896,EXP_CatBoostModel_Alpha158_csi300_custom_step0_s_20260427_16,bdb93489f35f4cceba1a605028c54154,0.098,,,
2429,2026-04-27,SH601229,0.001465625640929135,EXP_CatBoostModel_Alpha158_csi300_custom_step0_s_20260427_16,bdb93489f35f4cceba1a605028c54154,0.098,,,
2430,2026-04-27,SH601236,0.0020432812507931108,EXP_CatBoostModel_Alpha158_csi300_custom_step0_s_20260427_16,bdb93489f35f4cceba1a605028c54154,0.098,,,
2431,2026-04-27,SH601238,8.164590831457062e-05,EXP_CatBoostModel_Alpha158_csi300_custom_step0_s_20260427_16,bdb93489f35f4cceba1a605028c54154,0.098,,,
2432,2026-04-27,SH601288,0.0008056467274852487,EXP_CatBoostModel_Alpha158_csi300_custom_step0_s_20260427_16,bdb93489f35f4cceba1a605028c54154,0.098,,,
2433,2026-04-27,SH601298,0.0020432812507931108,EXP_CatBoostModel_Alpha158_csi300_custom_step0_s_20260427_16,bdb93489f35f4cceba1a605028c54154,0.098,,,
2434,2026-04-27,SH601318,0.001465625640929135,EXP_CatBoostModel_Alpha158_csi300_custom_step0_s_20260427_16,bdb93489f35f4cceba1a605028c54154,0.098,,,
2435,2026-04-27,SH601138,-0.0014574697218131896,EXP_CatBoostModel_Alpha158_csi300_custom_step0_s_20260427_16,bdb93489f35f4cceba1a605028c54154,0.098,,,
2436,2026-04-27,SH600584,8.164590831457062e-05,EXP_CatBoostModel_Alpha158_csi300_custom_step0_s_20260427_16,bdb93489f35f4cceba1a605028c54154,0.098,,,
2437,2026-04-27,SH601009,0.0031839235548796678,EXP_CatBoostModel_Alpha158_csi300_custom_step0_s_20260427_16,bdb93489f35f4cceba1a605028c54154,0.098,,,
2438,2026-04-27,SH600999,0.001465625640929135,EXP_CatBoostModel_Alpha158_csi300_custom_step0_s_20260427_16,bdb93489f35f4cceba1a605028c54154,0.098,,,
2439,2026-04-27,SH600588,-0.0016363134123185956,EXP_CatBoostModel_Alpha158_csi300_custom_step0_s_20260427_16,bdb93489f35f4cceba1a605028c54154,0.098,,,
2440,2026-04-27,SH600600,0.0020432812507931108,EXP_CatBoostModel_Alpha158_csi300_custom_step0_s_20260427_16,bdb93489f35f4cceba1a605028c54154,0.098,,,
2441,2026-04-27,SH600660,0.0031839235548796678,EXP_CatBoostModel_Alpha158_csi300_custom_step0_s_20260427_16,bdb93489f35f4cceba1a605028c54154,0.098,,,
2442,2026-04-27,SH600674,0.0020432812507931108,EXP_CatBoostModel_Alpha158_csi300_custom_step0_s_20260427_16,bdb93489f35f4cceba1a605028c54154,0.098,,,
2443,2026-04-27,SH600690,8.164590831457062e-05,EXP_CatBoostModel_Alpha158_csi300_custom_step0_s_20260427_16,bdb93489f35f4cceba1a605028c54154,0.098,,,
2444,2026-04-27,SH600741,8.164590831457062e-05,EXP_CatBoostModel_Alpha158_csi300_custom_step0_s_20260427_16,bdb93489f35f4cceba1a605028c54154,0.098,,,
2445,2026-04-27,SH600760,-0.0014574697218131896,EXP_CatBoostModel_Alpha158_csi300_custom_step0_s_20260427_16,bdb93489f35f4cceba1a605028c54154,0.098,,,
2446,2026-04-27,SH600795,0.0020432812507931108,EXP_CatBoostModel_Alpha158_csi300_custom_step0_s_20260427_16,bdb93489f35f4cceba1a605028c54154,0.098,,,
2447,2026-04-27,SH600803,8.164590831457062e-05,EXP_CatBoostModel_Alpha158_csi300_custom_step0_s_20260427_16,bdb93489f35f4cceba1a605028c54154,0.098,,,
2448,2026-04-27,SH600809,-0.0016363134123185956,EXP_CatBoostModel_Alpha158_csi300_custom_step0_s_20260427_16,bdb93489f35f4cceba1a605028c54154,0.098,,,
2449,2026-04-27,SH600845,0.0008056467274852487,EXP_CatBoostModel_Alpha158_csi300_custom_step0_s_20260427_16,bdb93489f35f4cceba1a605028c54154,0.098,,,
2450,2026-04-27,SH601006,0.0020432812507931108,EXP_CatBoostModel_Alpha158_csi300_custom_step0_s_20260427_16,bdb93489f35f4cceba1a605028c54154,0.098,,,
2451,2026-04-27,SH600875,-0.0014574697218131896,EXP_CatBoostModel_Alpha158_csi300_custom_step0_s_20260427_16,bdb93489f35f4cceba1a605028c54154,0.098,,,
2452,2026-04-27,SH600887,0.0020432812507931108,EXP_CatBoostModel_Alpha158_csi300_custom_step0_s_20260427_16,bdb93489f35f4cceba1a605028c54154,0.098,,,
2453,2026-04-27,SH600893,-0.0014574697218131896,EXP_CatBoostModel_Alpha158_csi300_custom_step0_s_20260427_16,bdb93489f35f4cceba1a605028c54154,0.098,,,
2454,2026-04-27,SH600900,0.0020432812507931108,EXP_CatBoostModel_Alpha158_csi300_custom_step0_s_20260427_16,bdb93489f35f4cceba1a605028c54154,0.098,,,
2455,2026-04-27,SH600905,0.0008056467274852487,EXP_CatBoostModel_Alpha158_csi300_custom_step0_s_20260427_16,bdb93489f35f4cceba1a605028c54154,0.098,,,
2456,2026-04-27,SH600918,0.0020432812507931108,EXP_CatBoostModel_Alpha158_csi300_custom_step0_s_20260427_16,bdb93489f35f4cceba1a605028c54154,0.098,,,
2457,2026-04-27,SH600919,0.0031839235548796678,EXP_CatBoostModel_Alpha158_csi300_custom_step0_s_20260427_16,bdb93489f35f4cceba1a605028c54154,0.098,,,
2458,2026-04-27,SH600926,0.0031839235548796678,EXP_CatBoostModel_Alpha158_csi300_custom_step0_s_20260427_16,bdb93489f35f4cceba1a605028c54154,0.098,,,
2459,2026-04-27,SH600930,-0.0014574697218131896,EXP_CatBoostModel_Alpha158_csi300_custom_step0_s_20260427_16,bdb93489f35f4cceba1a605028c54154,0.098,,,
2460,2026-04-27,SH600938,8.164590831457062e-05,EXP_CatBoostModel_Alpha158_csi300_custom_step0_s_20260427_16,bdb93489f35f4cceba1a605028c54154,0.098,,,
2461,2026-04-27,SH600941,0.0020432812507931108,EXP_CatBoostModel_Alpha158_csi300_custom_step0_s_20260427_16,bdb93489f35f4cceba1a605028c54154,0.098,,,
2462,2026-04-27,SH600989,-0.0014574697218131896,EXP_CatBoostModel_Alpha158_csi300_custom_step0_s_20260427_16,bdb93489f35f4cceba1a605028c54154,0.098,,,
2463,2026-04-27,SH600886,8.164590831457062e-05,EXP_CatBoostModel_Alpha158_csi300_custom_step0_s_20260427_16,bdb93489f35f4cceba1a605028c54154,0.098,,,
2464,2026-04-27,SZ000983,0.0008056467274852487,EXP_CatBoostModel_Alpha158_csi300_custom_step0_s_20260427_16,bdb93489f35f4cceba1a605028c54154,0.098,,,
2465,2026-04-27,SZ000999,-0.0014574697218131896,EXP_CatBoostModel_Alpha158_csi300_custom_step0_s_20260427_16,bdb93489f35f4cceba1a605028c54154,0.098,,,
2466,2026-04-27,SZ001391,-0.004589972973506052,EXP_CatBoostModel_Alpha158_csi300_custom_step0_s_20260427_16,bdb93489f35f4cceba1a605028c54154,0.098,,,
2467,2026-04-27,SH600845,0.0032209739753782337,EXP_CatBoostModel_Alpha158_csi300_custom_step0_s_20260427_16,732dbce90c3341569abc8dd8e704d2a2,0.012,,,
2468,2026-04-27,SH600875,-0.07264017610355485,EXP_CatBoostModel_Alpha158_csi300_custom_step0_s_20260427_16,732dbce90c3341569abc8dd8e704d2a2,0.012,,,
2469,2026-04-27,SH600886,-0.018656582196658205,EXP_CatBoostModel_Alpha158_csi300_custom_step0_s_20260427_16,732dbce90c3341569abc8dd8e704d2a2,0.012,,,
2470,2026-04-27,SH600887,-0.042844446788600415,EXP_CatBoostModel_Alpha158_csi300_custom_step0_s_20260427_16,732dbce90c3341569abc8dd8e704d2a2,0.012,,,
2471,2026-04-27,SH600893,-0.0022729057645600676,EXP_CatBoostModel_Alpha158_csi300_custom_step0_s_20260427_16,732dbce90c3341569abc8dd8e704d2a2,0.012,,,
2472,2026-04-27,SH600900,-0.021621569704928716,EXP_CatBoostModel_Alpha158_csi300_custom_step0_s_20260427_16,732dbce90c3341569abc8dd8e704d2a2,0.012,,,
2473,2026-04-27,SH600905,-0.027651478916272638,EXP_CatBoostModel_Alpha158_csi300_custom_step0_s_20260427_16,732dbce90c3341569abc8dd8e704d2a2,0.012,,,
2474,2026-04-27,SH600918,-0.0467034605491828,EXP_CatBoostModel_Alpha158_csi300_custom_step0_s_20260427_16,732dbce90c3341569abc8dd8e704d2a2,0.012,,,
2475,2026-04-27,SH600919,0.018208416361376944,EXP_CatBoostModel_Alpha158_csi300_custom_step0_s_20260427_16,732dbce90c3341569abc8dd8e704d2a2,0.012,,,
2476,2026-04-27,SH600926,0.011354350169800284,EXP_CatBoostModel_Alpha158_csi300_custom_step0_s_20260427_16,732dbce90c3341569abc8dd8e704d2a2,0.012,,,
2477,2026-04-27,SH600930,0.0010356486241674483,EXP_CatBoostModel_Alpha158_csi300_custom_step0_s_20260427_16,732dbce90c3341569abc8dd8e704d2a2,0.012,,,
2478,2026-04-27,SH600809,-0.044044796136584366,EXP_CatBoostModel_Alpha158_csi300_custom_step0_s_20260427_16,732dbce90c3341569abc8dd8e704d2a2,0.012,,,
2479,2026-04-27,SH600938,-0.006553400808239939,EXP_CatBoostModel_Alpha158_csi300_custom_step0_s_20260427_16,732dbce90c3341569abc8dd8e704d2a2,0.012,,,
2480,2026-04-27,SH600989,-0.021839955003728158,EXP_CatBoostModel_Alpha158_csi300_custom_step0_s_20260427_16,732dbce90c3341569abc8dd8e704d2a2,0.012,,,
2481,2026-04-27,SH600999,-0.03741065721472169,EXP_CatBoostModel_Alpha158_csi300_custom_step0_s_20260427_16,732dbce90c3341569abc8dd8e704d2a2,0.012,,,
2482,2026-04-27,SH601006,-0.01707432032940685,EXP_CatBoostModel_Alpha158_csi300_custom_step0_s_20260427_16,732dbce90c3341569abc8dd8e704d2a2,0.012,,,
2483,2026-04-27,SH601009,0.003753030693522229,EXP_CatBoostModel_Alpha158_csi300_custom_step0_s_20260427_16,732dbce90c3341569abc8dd8e704d2a2,0.012,,,
2484,2026-04-27,SH601012,-0.004788173159255437,EXP_CatBoostModel_Alpha158_csi300_custom_step0_s_20260427_16,732dbce90c3341569abc8dd8e704d2a2,0.012,,,
2485,2026-04-27,SH601018,-0.047565696236305896,EXP_CatBoostModel_Alpha158_csi300_custom_step0_s_20260427_16,732dbce90c3341569abc8dd8e704d2a2,0.012,,,
2486,2026-04-27,SH601021,-0.008256492131869459,EXP_CatBoostModel_Alpha158_csi300_custom_step0_s_20260427_16,732dbce90c3341569abc8dd8e704d2a2,0.012,,,
2487,2026-04-27,SH601058,-0.010206405207709024,EXP_CatBoostModel_Alpha158_csi300_custom_step0_s_20260427_16,732dbce90c3341569abc8dd8e704d2a2,0.012,,,
2488,2026-04-27,SH601059,-0.01377472754429222,EXP_CatBoostModel_Alpha158_csi300_custom_step0_s_20260427_16,732dbce90c3341569abc8dd8e704d2a2,0.012,,,
2489,2026-04-27,SH601066,-0.006301394804430477,EXP_CatBoostModel_Alpha158_csi300_custom_step0_s_20260427_16,732dbce90c3341569abc8dd8e704d2a2,0.012,,,
2490,2026-04-27,SH601077,0.009644625733525538,EXP_CatBoostModel_Alpha158_csi300_custom_step0_s_20260427_16,732dbce90c3341569abc8dd8e704d2a2,0.012,,,
2491,2026-04-27,SH600941,-0.020179257436611024,EXP_CatBoostModel_Alpha158_csi300_custom_step0_s_20260427_16,732dbce90c3341569abc8dd8e704d2a2,0.012,,,
2492,2026-04-27,SH601088,-0.011716522231674506,EXP_CatBoostModel_Alpha158_csi300_custom_step0_s_20260427_16,732dbce90c3341569abc8dd8e704d2a2,0.012,,,
2493,2026-04-27,SH600803,-0.013981011645353179,EXP_CatBoostModel_Alpha158_csi300_custom_step0_s_20260427_16,732dbce90c3341569abc8dd8e704d2a2,0.012,,,
2494,2026-04-27,SH600760,6.080553551241234e-05,EXP_CatBoostModel_Alpha158_csi300_custom_step0_s_20260427_16,732dbce90c3341569abc8dd8e704d2a2,0.012,,,
2495,2026-04-27,SH600362,-0.0009535586665800333,EXP_CatBoostModel_Alpha158_csi300_custom_step0_s_20260427_16,732dbce90c3341569abc8dd8e704d2a2,0.012,,,
2496,2026-04-27,SH600372,0.000708924695744751,EXP_CatBoostModel_Alpha158_csi300_custom_step0_s_20260427_16,732dbce90c3341569abc8dd8e704d2a2,0.012,,,
2497,2026-04-27,SH600377,-0.034962188621627595,EXP_CatBoostModel_Alpha158_csi300_custom_step0_s_20260427_16,732dbce90c3341569abc8dd8e704d2a2,0.012,,,
2498,2026-04-27,SH600406,-0.016854201831643694,EXP_CatBoostModel_Alpha158_csi300_custom_step0_s_20260427_16,732dbce90c3341569abc8dd8e704d2a2,0.012,,,
2499,2026-04-27,SH600415,0.004550970303014141,EXP_CatBoostModel_Alpha158_csi300_custom_step0_s_20260427_16,732dbce90c3341569abc8dd8e704d2a2,0.012,,,
2500,2026-04-27,SH600426,0.0006904026496175305,EXP_CatBoostModel_Alpha158_csi300_custom_step0_s_20260427_16,732dbce90c3341569abc8dd8e704d2a2,0.012,,,
2501,2026-04-27,SH600436,-0.06069036805940772,EXP_CatBoostModel_Alpha158_csi300_custom_step0_s_20260427_16,732dbce90c3341569abc8dd8e704d2a2,0.012,,,
2502,2026-04-27,SH600438,-0.021675510779960626,EXP_CatBoostModel_Alpha158_csi300_custom_step0_s_20260427_16,732dbce90c3341569abc8dd8e704d2a2,0.012,,,
2503,2026-04-27,SH600460,0.009453391937264017,EXP_CatBoostModel_Alpha158_csi300_custom_step0_s_20260427_16,732dbce90c3341569abc8dd8e704d2a2,0.012,,,
2504,2026-04-27,SH600482,0.058382059995349705,EXP_CatBoostModel_Alpha158_csi300_custom_step0_s_20260427_16,732dbce90c3341569abc8dd8e704d2a2,0.012,,,
2505,2026-04-27,SH600489,0.013850958762262063,EXP_CatBoostModel_Alpha158_csi300_custom_step0_s_20260427_16,732dbce90c3341569abc8dd8e704d2a2,0.012,,,
2506,2026-04-27,SH600795,-0.015111640906491855,EXP_CatBoostModel_Alpha158_csi300_custom_step0_s_20260427_16,732dbce90c3341569abc8dd8e704d2a2,0.012,,,
2507,2026-04-27,SH600515,-0.01200732977935376,EXP_CatBoostModel_Alpha158_csi300_custom_step0_s_20260427_16,732dbce90c3341569abc8dd8e704d2a2,0.012,,,
2508,2026-04-27,SH600522,0.1434171288851637,EXP_CatBoostModel_Alpha158_csi300_custom_step0_s_20260427_16,732dbce90c3341569abc8dd8e704d2a2,0.012,,,
2509,2026-04-27,SH600547,0.02335161714645303,EXP_CatBoostModel_Alpha158_csi300_custom_step0_s_20260427_16,732dbce90c3341569abc8dd8e704d2a2,0.012,,,
2510,2026-04-27,SH600570,0.0022815706881358453,EXP_CatBoostModel_Alpha158_csi300_custom_step0_s_20260427_16,732dbce90c3341569abc8dd8e704d2a2,0.012,,,
2511,2026-04-27,SH600584,0.02779080317362488,EXP_CatBoostModel_Alpha158_csi300_custom_step0_s_20260427_16,732dbce90c3341569abc8dd8e704d2a2,0.012,,,
2512,2026-04-27,SH600585,-0.0497830767953217,EXP_CatBoostModel_Alpha158_csi300_custom_step0_s_20260427_16,732dbce90c3341569abc8dd8e704d2a2,0.012,,,
2513,2026-04-27,SH600588,0.0025622476315407686,EXP_CatBoostModel_Alpha158_csi300_custom_step0_s_20260427_16,732dbce90c3341569abc8dd8e704d2a2,0.012,,,
2514,2026-04-27,SH600600,-0.01675497266327306,EXP_CatBoostModel_Alpha158_csi300_custom_step0_s_20260427_16,732dbce90c3341569abc8dd8e704d2a2,0.012,,,
2515,2026-04-27,SH600660,0.013982307040452896,EXP_CatBoostModel_Alpha158_csi300_custom_step0_s_20260427_16,732dbce90c3341569abc8dd8e704d2a2,0.012,,,
2516,2026-04-27,SH600674,-0.005631609870761774,EXP_CatBoostModel_Alpha158_csi300_custom_step0_s_20260427_16,732dbce90c3341569abc8dd8e704d2a2,0.012,,,
2517,2026-04-27,SH600690,-0.00798959726332688,EXP_CatBoostModel_Alpha158_csi300_custom_step0_s_20260427_16,732dbce90c3341569abc8dd8e704d2a2,0.012,,,
2518,2026-04-27,SH600741,0.00894420639857372,EXP_CatBoostModel_Alpha158_csi300_custom_step0_s_20260427_16,732dbce90c3341569abc8dd8e704d2a2,0.012,,,
2519,2026-04-27,SH600519,-0.04397788540293754,EXP_CatBoostModel_Alpha158_csi300_custom_step0_s_20260427_16,732dbce90c3341569abc8dd8e704d2a2,0.012,,,
2520,2026-04-27,SH600346,0.05225110873863201,EXP_CatBoostModel_Alpha158_csi300_custom_step0_s_20260427_16,732dbce90c3341569abc8dd8e704d2a2,0.012,,,
2521,2026-04-27,SH601100,0.009350906620734484,EXP_CatBoostModel_Alpha158_csi300_custom_step0_s_20260427_16,732dbce90c3341569abc8dd8e704d2a2,0.012,,,
2522,2026-04-27,SH601117,-0.013965124628648146,EXP_CatBoostModel_Alpha158_csi300_custom_step0_s_20260427_16,732dbce90c3341569abc8dd8e704d2a2,0.012,,,
2523,2026-04-27,SH601658,0.0016682932345473689,EXP_CatBoostModel_Alpha158_csi300_custom_step0_s_20260427_16,732dbce90c3341569abc8dd8e704d2a2,0.012,,,
2524,2026-04-27,SH601668,-0.027843663737542764,EXP_CatBoostModel_Alpha158_csi300_custom_step0_s_20260427_16,732dbce90c3341569abc8dd8e704d2a2,0.012,,,
2525,2026-04-27,SH601669,0.006344464039986028,EXP_CatBoostModel_Alpha158_csi300_custom_step0_s_20260427_16,732dbce90c3341569abc8dd8e704d2a2,0.012,,,
2526,2026-04-27,SH601688,-0.01559198200467312,EXP_CatBoostModel_Alpha158_csi300_custom_step0_s_20260427_16,732dbce90c3341569abc8dd8e704d2a2,0.012,,,
2527,2026-04-27,SH601689,-0.012015027383155345,EXP_CatBoostModel_Alpha158_csi300_custom_step0_s_20260427_16,732dbce90c3341569abc8dd8e704d2a2,0.012,,,
2528,2026-04-27,SH601698,0.015268642322628189,EXP_CatBoostModel_Alpha158_csi300_custom_step0_s_20260427_16,732dbce90c3341569abc8dd8e704d2a2,0.012,,,
2529,2026-04-27,SH601728,0.005866972520472328,EXP_CatBoostModel_Alpha158_csi300_custom_step0_s_20260427_16,732dbce90c3341569abc8dd8e704d2a2,0.012,,,
2530,2026-04-27,SH601766,-0.05370495681013569,EXP_CatBoostModel_Alpha158_csi300_custom_step0_s_20260427_16,732dbce90c3341569abc8dd8e704d2a2,0.012,,,
2531,2026-04-27,SH601788,-0.05623833946771312,EXP_CatBoostModel_Alpha158_csi300_custom_step0_s_20260427_16,732dbce90c3341569abc8dd8e704d2a2,0.012,,,
2532,2026-04-27,SH601800,-0.03637194296590568,EXP_CatBoostModel_Alpha158_csi300_custom_step0_s_20260427_16,732dbce90c3341569abc8dd8e704d2a2,0.012,,,
2533,2026-04-27,SH601808,-0.023354483089088735,EXP_CatBoostModel_Alpha158_csi300_custom_step0_s_20260427_16,732dbce90c3341569abc8dd8e704d2a2,0.012,,,
2534,2026-04-27,SH601633,-0.034057249462651665,EXP_CatBoostModel_Alpha158_csi300_custom_step0_s_20260427_16,732dbce90c3341569abc8dd8e704d2a2,0.012,,,
2535,2026-04-27,SH601816,-0.0290457784502459,EXP_CatBoostModel_Alpha158_csi300_custom_step0_s_20260427_16,732dbce90c3341569abc8dd8e704d2a2,0.012,,,
2536,2026-04-27,SH601825,-0.0011790820346999661,EXP_CatBoostModel_Alpha158_csi300_custom_step0_s_20260427_16,732dbce90c3341569abc8dd8e704d2a2,0.012,,,
2537,2026-04-27,SH601838,0.03675985407900113,EXP_CatBoostModel_Alpha158_csi300_custom_step0_s_20260427_16,732dbce90c3341569abc8dd8e704d2a2,0.012,,,
2538,2026-04-27,SH601857,-0.01081060333651309,EXP_CatBoostModel_Alpha158_csi300_custom_step0_s_20260427_16,732dbce90c3341569abc8dd8e704d2a2,0.012,,,
2539,2026-04-27,SH601868,0.021565695212004493,EXP_CatBoostModel_Alpha158_csi300_custom_step0_s_20260427_16,732dbce90c3341569abc8dd8e704d2a2,0.012,,,
2540,2026-04-27,SH601872,0.03962836590878176,EXP_CatBoostModel_Alpha158_csi300_custom_step0_s_20260427_16,732dbce90c3341569abc8dd8e704d2a2,0.012,,,
2541,2026-04-27,SH601877,-0.00134736322625939,EXP_CatBoostModel_Alpha158_csi300_custom_step0_s_20260427_16,732dbce90c3341569abc8dd8e704d2a2,0.012,,,
2542,2026-04-27,SH601878,-0.03146474888874364,EXP_CatBoostModel_Alpha158_csi300_custom_step0_s_20260427_16,732dbce90c3341569abc8dd8e704d2a2,0.012,,,
2543,2026-04-27,SH601881,-0.05916340680486867,EXP_CatBoostModel_Alpha158_csi300_custom_step0_s_20260427_16,732dbce90c3341569abc8dd8e704d2a2,0.012,,,
2544,2026-04-27,SH601888,-0.03694624631554653,EXP_CatBoostModel_Alpha158_csi300_custom_step0_s_20260427_16,732dbce90c3341569abc8dd8e704d2a2,0.012,,,
2545,2026-04-27,SH601898,0.001144752553632336,EXP_CatBoostModel_Alpha158_csi300_custom_step0_s_20260427_16,732dbce90c3341569abc8dd8e704d2a2,0.012,,,
2546,2026-04-27,SH601899,-0.016746006198700644,EXP_CatBoostModel_Alpha158_csi300_custom_step0_s_20260427_16,732dbce90c3341569abc8dd8e704d2a2,0.012,,,
2547,2026-04-27,SH601818,-0.023112026618595308,EXP_CatBoostModel_Alpha158_csi300_custom_step0_s_20260427_16,732dbce90c3341569abc8dd8e704d2a2,0.012,,,
2548,2026-04-27,SH601111,-0.034097206624198975,EXP_CatBoostModel_Alpha158_csi300_custom_step0_s_20260427_16,732dbce90c3341569abc8dd8e704d2a2,0.012,,,
2549,2026-04-27,SH601628,-0.023076791944416666,EXP_CatBoostModel_Alpha158_csi300_custom_step0_s_20260427_16,732dbce90c3341569abc8dd8e704d2a2,0.012,,,
2550,2026-04-27,SH601607,-0.03001496958455914,EXP_CatBoostModel_Alpha158_csi300_custom_step0_s_20260427_16,732dbce90c3341569abc8dd8e704d2a2,0.012,,,
2551,2026-04-27,SH601127,-0.021563970039721252,EXP_CatBoostModel_Alpha158_csi300_custom_step0_s_20260427_16,732dbce90c3341569abc8dd8e704d2a2,0.012,,,
2552,2026-04-27,SH601136,-0.039788420157432114,EXP_CatBoostModel_Alpha158_csi300_custom_step0_s_20260427_16,732dbce90c3341569abc8dd8e704d2a2,0.012,,,
2553,2026-04-27,SH601138,0.13178986557284003,EXP_CatBoostModel_Alpha158_csi300_custom_step0_s_20260427_16,732dbce90c3341569abc8dd8e704d2a2,0.012,,,
2554,2026-04-27,SH601166,-0.0430881589668941,EXP_CatBoostModel_Alpha158_csi300_custom_step0_s_20260427_16,732dbce90c3341569abc8dd8e704d2a2,0.012,,,
2555,2026-04-27,SH601169,-0.003868964494955474,EXP_CatBoostModel_Alpha158_csi300_custom_step0_s_20260427_16,732dbce90c3341569abc8dd8e704d2a2,0.012,,,
2556,2026-04-27,SH601186,-0.024222151428684457,EXP_CatBoostModel_Alpha158_csi300_custom_step0_s_20260427_16,732dbce90c3341569abc8dd8e704d2a2,0.012,,,
2557,2026-04-27,SH601211,-0.0722722621149858,EXP_CatBoostModel_Alpha158_csi300_custom_step0_s_20260427_16,732dbce90c3341569abc8dd8e704d2a2,0.012,,,
2558,2026-04-27,SH601225,-0.007784745489334577,EXP_CatBoostModel_Alpha158_csi300_custom_step0_s_20260427_16,732dbce90c3341569abc8dd8e704d2a2,0.012,,,
2559,2026-04-27,SH601229,-0.05480447272939527,EXP_CatBoostModel_Alpha158_csi300_custom_step0_s_20260427_16,732dbce90c3341569abc8dd8e704d2a2,0.012,,,
2560,2026-04-27,SH601236,-0.0185465170983644,EXP_CatBoostModel_Alpha158_csi300_custom_step0_s_20260427_16,732dbce90c3341569abc8dd8e704d2a2,0.012,,,
2561,2026-04-27,SH601238,-0.031226612130535247,EXP_CatBoostModel_Alpha158_csi300_custom_step0_s_20260427_16,732dbce90c3341569abc8dd8e704d2a2,0.012,,,
2562,2026-04-27,SH601618,-0.03296338951197743,EXP_CatBoostModel_Alpha158_csi300_custom_step0_s_20260427_16,732dbce90c3341569abc8dd8e704d2a2,0.012,,,
2563,2026-04-27,SH601288,-0.0051726386069284504,EXP_CatBoostModel_Alpha158_csi300_custom_step0_s_20260427_16,732dbce90c3341569abc8dd8e704d2a2,0.012,,,
2564,2026-04-27,SH601318,-0.024515834510781043,EXP_CatBoostModel_Alpha158_csi300_custom_step0_s_20260427_16,732dbce90c3341569abc8dd8e704d2a2,0.012,,,
2565,2026-04-27,SH601319,-0.025543248415650706,EXP_CatBoostModel_Alpha158_csi300_custom_step0_s_20260427_16,732dbce90c3341569abc8dd8e704d2a2,0.012,,,
2566,2026-04-27,SH601328,-0.006004358727136935,EXP_CatBoostModel_Alpha158_csi300_custom_step0_s_20260427_16,732dbce90c3341569abc8dd8e704d2a2,0.012,,,
2567,2026-04-27,SH601336,-0.015503396325940253,EXP_CatBoostModel_Alpha158_csi300_custom_step0_s_20260427_16,732dbce90c3341569abc8dd8e704d2a2,0.012,,,
2568,2026-04-27,SH601360,0.001795116245297785,EXP_CatBoostModel_Alpha158_csi300_custom_step0_s_20260427_16,732dbce90c3341569abc8dd8e704d2a2,0.012,,,
2569,2026-04-27,SH601377,-0.0077994679893208935,EXP_CatBoostModel_Alpha158_csi300_custom_step0_s_20260427_16,732dbce90c3341569abc8dd8e704d2a2,0.012,,,
2570,2026-04-27,SH601390,-0.022002424696771317,EXP_CatBoostModel_Alpha158_csi300_custom_step0_s_20260427_16,732dbce90c3341569abc8dd8e704d2a2,0.012,,,
2571,2026-04-27,SH601398,0.012636844322952036,EXP_CatBoostModel_Alpha158_csi300_custom_step0_s_20260427_16,732dbce90c3341569abc8dd8e704d2a2,0.012,,,
2572,2026-04-27,SH601456,-0.020023215311947732,EXP_CatBoostModel_Alpha158_csi300_custom_step0_s_20260427_16,732dbce90c3341569abc8dd8e704d2a2,0.012,,,
2573,2026-04-27,SH601600,-0.0019444794055125541,EXP_CatBoostModel_Alpha158_csi300_custom_step0_s_20260427_16,732dbce90c3341569abc8dd8e704d2a2,0.012,,,
2574,2026-04-27,SH601601,-0.026645172261779676,EXP_CatBoostModel_Alpha158_csi300_custom_step0_s_20260427_16,732dbce90c3341569abc8dd8e704d2a2,0.012,,,
2575,2026-04-27,SH601298,-0.017208508835724685,EXP_CatBoostModel_Alpha158_csi300_custom_step0_s_20260427_16,732dbce90c3341569abc8dd8e704d2a2,0.012,,,
2576,2026-04-27,SH600309,0.018738453339625864,EXP_CatBoostModel_Alpha158_csi300_custom_step0_s_20260427_16,732dbce90c3341569abc8dd8e704d2a2,0.012,,,
2577,2026-04-27,SH600276,-0.02548637508981268,EXP_CatBoostModel_Alpha158_csi300_custom_step0_s_20260427_16,732dbce90c3341569abc8dd8e704d2a2,0.012,,,
2578,2026-04-27,SH600233,0.04126594265916749,EXP_CatBoostModel_Alpha158_csi300_custom_step0_s_20260427_16,732dbce90c3341569abc8dd8e704d2a2,0.012,,,
2579,2026-04-27,SZ002600,-0.0014574697218131896,EXP_CatBoostModel_Alpha158_csi300_custom_step0_s_20260427_16,bdb93489f35f4cceba1a605028c54154,0.098,,,
2580,2026-04-27,SZ002601,-0.0016363134123185956,EXP_CatBoostModel_Alpha158_csi300_custom_step0_s_20260427_16,bdb93489f35f4cceba1a605028c54154,0.098,,,
2581,2026-04-27,SZ002625,-0.0016363134123185956,EXP_CatBoostModel_Alpha158_csi300_custom_step0_s_20260427_16,bdb93489f35f4cceba1a605028c54154,0.098,,,
2582,2026-04-27,SZ002648,-0.0014574697218131896,EXP_CatBoostModel_Alpha158_csi300_custom_step0_s_20260427_16,bdb93489f35f4cceba1a605028c54154,0.098,,,
2583,2026-04-27,SZ002709,-0.0014574697218131896,EXP_CatBoostModel_Alpha158_csi300_custom_step0_s_20260427_16,bdb93489f35f4cceba1a605028c54154,0.098,,,
2584,2026-04-27,SZ002714,-0.0014574697218131896,EXP_CatBoostModel_Alpha158_csi300_custom_step0_s_20260427_16,bdb93489f35f4cceba1a605028c54154,0.098,,,
2585,2026-04-27,SZ002736,-0.0014574697218131896,EXP_CatBoostModel_Alpha158_csi300_custom_step0_s_20260427_16,bdb93489f35f4cceba1a605028c54154,0.098,,,
2586,2026-04-27,SZ002916,-0.0014574697218131896,EXP_CatBoostModel_Alpha158_csi300_custom_step0_s_20260427_16,bdb93489f35f4cceba1a605028c54154,0.098,,,
2587,2026-04-27,SZ002920,-0.0014574697218131896,EXP_CatBoostModel_Alpha158_csi300_custom_step0_s_20260427_16,bdb93489f35f4cceba1a605028c54154,0.098,,,
2588,2026-04-27,SZ002938,-0.0014574697218131896,EXP_CatBoostModel_Alpha158_csi300_custom_step0_s_20260427_16,bdb93489f35f4cceba1a605028c54154,0.098,,,
2589,2026-04-27,SZ003816,-0.0014574697218131896,EXP_CatBoostModel_Alpha158_csi300_custom_step0_s_20260427_16,bdb93489f35f4cceba1a605028c54154,0.098,,,
2590,2026-04-27,SZ002594,0.001465625640929135,EXP_CatBoostModel_Alpha158_csi300_custom_step0_s_20260427_16,bdb93489f35f4cceba1a605028c54154,0.098,,,
2591,2026-04-27,SZ300014,-0.0016363134123185956,EXP_CatBoostModel_Alpha158_csi300_custom_step0_s_20260427_16,bdb93489f35f4cceba1a605028c54154,0.098,,,
2592,2026-04-27,SZ300033,-0.0014574697218131896,EXP_CatBoostModel_Alpha158_csi300_custom_step0_s_20260427_16,bdb93489f35f4cceba1a605028c54154,0.098,,,
2593,2026-04-27,SZ300059,0.0008056467274852487,EXP_CatBoostModel_Alpha158_csi300_custom_step0_s_20260427_16,bdb93489f35f4cceba1a605028c54154,0.098,,,
2594,2026-04-27,SZ300122,-0.0014574697218131896,EXP_CatBoostModel_Alpha158_csi300_custom_step0_s_20260427_16,bdb93489f35f4cceba1a605028c54154,0.098,,,
2595,2026-04-27,SZ300124,-0.0014574697218131896,EXP_CatBoostModel_Alpha158_csi300_custom_step0_s_20260427_16,bdb93489f35f4cceba1a605028c54154,0.098,,,
2596,2026-04-27,SZ300251,-0.0014574697218131896,EXP_CatBoostModel_Alpha158_csi300_custom_step0_s_20260427_16,bdb93489f35f4cceba1a605028c54154,0.098,,,
2597,2026-04-27,SZ300274,0.003703183397340825,EXP_CatBoostModel_Alpha158_csi300_custom_step0_s_20260427_16,bdb93489f35f4cceba1a605028c54154,0.098,,,
2598,2026-04-27,SZ300308,0.003703183397340825,EXP_CatBoostModel_Alpha158_csi300_custom_step0_s_20260427_16,bdb93489f35f4cceba1a605028c54154,0.098,,,
2599,2026-04-27,SZ300316,-0.0016363134123185956,EXP_CatBoostModel_Alpha158_csi300_custom_step0_s_20260427_16,bdb93489f35f4cceba1a605028c54154,0.098,,,
2600,2026-04-27,SZ300347,-0.0014574697218131896,EXP_CatBoostModel_Alpha158_csi300_custom_step0_s_20260427_16,bdb93489f35f4cceba1a605028c54154,0.098,,,
2601,2026-04-27,SZ300394,-0.0016363134123185956,EXP_CatBoostModel_Alpha158_csi300_custom_step0_s_20260427_16,bdb93489f35f4cceba1a605028c54154,0.098,,,
2602,2026-04-27,SZ300408,-0.0014574697218131896,EXP_CatBoostModel_Alpha158_csi300_custom_step0_s_20260427_16,bdb93489f35f4cceba1a605028c54154,0.098,,,
2603,2026-04-27,SZ300015,-0.0014574697218131896,EXP_CatBoostModel_Alpha158_csi300_custom_step0_s_20260427_16,bdb93489f35f4cceba1a605028c54154,0.098,,,
2604,2026-04-27,SZ300413,8.164590831457062e-05,EXP_CatBoostModel_Alpha158_csi300_custom_step0_s_20260427_16,bdb93489f35f4cceba1a605028c54154,0.098,,,
2605,2026-04-27,SZ002493,-0.0016363134123185956,EXP_CatBoostModel_Alpha158_csi300_custom_step0_s_20260427_16,bdb93489f35f4cceba1a605028c54154,0.098,,,
2606,2026-04-27,SZ002466,-0.0014574697218131896,EXP_CatBoostModel_Alpha158_csi300_custom_step0_s_20260427_16,bdb93489f35f4cceba1a605028c54154,0.098,,,
2607,2026-04-27,SZ001965,-0.0014574697218131896,EXP_CatBoostModel_Alpha158_csi300_custom_step0_s_20260427_16,bdb93489f35f4cceba1a605028c54154,0.098,,,
2608,2026-04-27,SZ001979,-0.0016363134123185956,EXP_CatBoostModel_Alpha158_csi300_custom_step0_s_20260427_16,bdb93489f35f4cceba1a605028c54154,0.098,,,
2609,2026-04-27,SZ002001,-0.0014574697218131896,EXP_CatBoostModel_Alpha158_csi300_custom_step0_s_20260427_16,bdb93489f35f4cceba1a605028c54154,0.098,,,
2610,2026-04-27,SZ002027,8.164590831457062e-05,EXP_CatBoostModel_Alpha158_csi300_custom_step0_s_20260427_16,bdb93489f35f4cceba1a605028c54154,0.098,,,
2611,2026-04-27,SZ002028,-0.0014574697218131896,EXP_CatBoostModel_Alpha158_csi300_custom_step0_s_20260427_16,bdb93489f35f4cceba1a605028c54154,0.098,,,
2612,2026-04-27,SZ002049,8.164590831457062e-05,EXP_CatBoostModel_Alpha158_csi300_custom_step0_s_20260427_16,bdb93489f35f4cceba1a605028c54154,0.098,,,
2613,2026-04-27,SZ002050,-0.0016363134123185956,EXP_CatBoostModel_Alpha158_csi300_custom_step0_s_20260427_16,bdb93489f35f4cceba1a605028c54154,0.098,,,
2614,2026-04-27,SZ002074,0.0008056467274852487,EXP_CatBoostModel_Alpha158_csi300_custom_step0_s_20260427_16,bdb93489f35f4cceba1a605028c54154,0.098,,,
2615,2026-04-27,SZ002142,8.164590831457062e-05,EXP_CatBoostModel_Alpha158_csi300_custom_step0_s_20260427_16,bdb93489f35f4cceba1a605028c54154,0.098,,,
2616,2026-04-27,SZ002179,0.001961530391513848,EXP_CatBoostModel_Alpha158_csi300_custom_step0_s_20260427_16,bdb93489f35f4cceba1a605028c54154,0.098,,,
2617,2026-04-27,SZ002230,8.164590831457062e-05,EXP_CatBoostModel_Alpha158_csi300_custom_step0_s_20260427_16,bdb93489f35f4cceba1a605028c54154,0.098,,,
2618,2026-04-27,SZ002475,-0.0014574697218131896,EXP_CatBoostModel_Alpha158_csi300_custom_step0_s_20260427_16,bdb93489f35f4cceba1a605028c54154,0.098,,,
2619,2026-04-27,SZ002236,-0.0014574697218131896,EXP_CatBoostModel_Alpha158_csi300_custom_step0_s_20260427_16,bdb93489f35f4cceba1a605028c54154,0.098,,,
2620,2026-04-27,SZ002252,8.164590831457062e-05,EXP_CatBoostModel_Alpha158_csi300_custom_step0_s_20260427_16,bdb93489f35f4cceba1a605028c54154,0.098,,,
2621,2026-04-27,SZ002304,0.0020432812507931108,EXP_CatBoostModel_Alpha158_csi300_custom_step0_s_20260427_16,bdb93489f35f4cceba1a605028c54154,0.098,,,
2622,2026-04-27,SZ002311,-0.0014574697218131896,EXP_CatBoostModel_Alpha158_csi300_custom_step0_s_20260427_16,bdb93489f35f4cceba1a605028c54154,0.098,,,
2623,2026-04-27,SZ002352,0.0020432812507931108,EXP_CatBoostModel_Alpha158_csi300_custom_step0_s_20260427_16,bdb93489f35f4cceba1a605028c54154,0.098,,,
2624,2026-04-27,SZ002371,0.001961530391513848,EXP_CatBoostModel_Alpha158_csi300_custom_step0_s_20260427_16,bdb93489f35f4cceba1a605028c54154,0.098,,,
2625,2026-04-27,SZ002384,-0.004136209324397453,EXP_CatBoostModel_Alpha158_csi300_custom_step0_s_20260427_16,bdb93489f35f4cceba1a605028c54154,0.098,,,
2626,2026-04-27,SZ002415,0.0008056467274852487,EXP_CatBoostModel_Alpha158_csi300_custom_step0_s_20260427_16,bdb93489f35f4cceba1a605028c54154,0.098,,,
2627,2026-04-27,SZ002422,-0.0014574697218131896,EXP_CatBoostModel_Alpha158_csi300_custom_step0_s_20260427_16,bdb93489f35f4cceba1a605028c54154,0.098,,,
2628,2026-04-27,SZ002459,8.164590831457062e-05,EXP_CatBoostModel_Alpha158_csi300_custom_step0_s_20260427_16,bdb93489f35f4cceba1a605028c54154,0.098,,,
2629,2026-04-27,SZ002460,-0.0014574697218131896,EXP_CatBoostModel_Alpha158_csi300_custom_step0_s_20260427_16,bdb93489f35f4cceba1a605028c54154,0.098,,,
2630,2026-04-27,SZ002463,-0.0014574697218131896,EXP_CatBoostModel_Alpha158_csi300_custom_step0_s_20260427_16,bdb93489f35f4cceba1a605028c54154,0.098,,,
2631,2026-04-27,SZ002241,8.164590831457062e-05,EXP_CatBoostModel_Alpha158_csi300_custom_step0_s_20260427_16,bdb93489f35f4cceba1a605028c54154,0.098,,,
2632,2026-04-27,SZ300418,0.0008056467274852487,EXP_CatBoostModel_Alpha158_csi300_custom_step0_s_20260427_16,bdb93489f35f4cceba1a605028c54154,0.098,,,
2633,2026-04-27,SZ300433,-0.0014574697218131896,EXP_CatBoostModel_Alpha158_csi300_custom_step0_s_20260427_16,bdb93489f35f4cceba1a605028c54154,0.098,,,
2634,2026-04-27,SZ300442,-0.0016363134123185956,EXP_CatBoostModel_Alpha158_csi300_custom_step0_s_20260427_16,bdb93489f35f4cceba1a605028c54154,0.098,,,
2635,2026-04-27,SH600027,-0.008141092916140924,EXP_CatBoostModel_Alpha158_csi300_custom_step0_s_20260427_16,732dbce90c3341569abc8dd8e704d2a2,0.012,,,
2636,2026-04-27,SH600028,-0.029300839011657802,EXP_CatBoostModel_Alpha158_csi300_custom_step0_s_20260427_16,732dbce90c3341569abc8dd8e704d2a2,0.012,,,
2637,2026-04-27,SH600029,-0.018475653384558952,EXP_CatBoostModel_Alpha158_csi300_custom_step0_s_20260427_16,732dbce90c3341569abc8dd8e704d2a2,0.012,,,
2638,2026-04-27,SH600030,0.0018288541915520541,EXP_CatBoostModel_Alpha158_csi300_custom_step0_s_20260427_16,732dbce90c3341569abc8dd8e704d2a2,0.012,,,
2639,2026-04-27,SH600031,-0.014535134075271534,EXP_CatBoostModel_Alpha158_csi300_custom_step0_s_20260427_16,732dbce90c3341569abc8dd8e704d2a2,0.012,,,
2640,2026-04-27,SH600036,-0.02229863091111091,EXP_CatBoostModel_Alpha158_csi300_custom_step0_s_20260427_16,732dbce90c3341569abc8dd8e704d2a2,0.012,,,
2641,2026-04-27,SH600039,-0.11428389648677961,EXP_CatBoostModel_Alpha158_csi300_custom_step0_s_20260427_16,732dbce90c3341569abc8dd8e704d2a2,0.012,,,
2642,2026-04-27,SH600048,-0.011973708325066812,EXP_CatBoostModel_Alpha158_csi300_custom_step0_s_20260427_16,732dbce90c3341569abc8dd8e704d2a2,0.012,,,
2643,2026-04-27,SH600050,-0.02020389100323227,EXP_CatBoostModel_Alpha158_csi300_custom_step0_s_20260427_16,732dbce90c3341569abc8dd8e704d2a2,0.012,,,
2644,2026-04-27,SH600061,-0.04580851909428822,EXP_CatBoostModel_Alpha158_csi300_custom_step0_s_20260427_16,732dbce90c3341569abc8dd8e704d2a2,0.012,,,
2645,2026-04-27,SH600066,0.0026787748157450835,EXP_CatBoostModel_Alpha158_csi300_custom_step0_s_20260427_16,732dbce90c3341569abc8dd8e704d2a2,0.012,,,
2646,2026-04-27,SH600026,0.009451482484680139,EXP_CatBoostModel_Alpha158_csi300_custom_step0_s_20260427_16,732dbce90c3341569abc8dd8e704d2a2,0.012,,,
2647,2026-04-27,SH600085,-0.058676933272888886,EXP_CatBoostModel_Alpha158_csi300_custom_step0_s_20260427_16,732dbce90c3341569abc8dd8e704d2a2,0.012,,,
2648,2026-04-27,SH600104,-0.05157392020672392,EXP_CatBoostModel_Alpha158_csi300_custom_step0_s_20260427_16,732dbce90c3341569abc8dd8e704d2a2,0.012,,,
2649,2026-04-27,SH600111,-0.0034780326620436966,EXP_CatBoostModel_Alpha158_csi300_custom_step0_s_20260427_16,732dbce90c3341569abc8dd8e704d2a2,0.012,,,
2650,2026-04-27,SH600115,-0.004055076526097996,EXP_CatBoostModel_Alpha158_csi300_custom_step0_s_20260427_16,732dbce90c3341569abc8dd8e704d2a2,0.012,,,
2651,2026-04-27,SH600150,0.10465931556050063,EXP_CatBoostModel_Alpha158_csi300_custom_step0_s_20260427_16,732dbce90c3341569abc8dd8e704d2a2,0.012,,,
2652,2026-04-27,SH600160,-0.008830162268038231,EXP_CatBoostModel_Alpha158_csi300_custom_step0_s_20260427_16,732dbce90c3341569abc8dd8e704d2a2,0.012,,,
2653,2026-04-27,SH600161,-0.06633120145894049,EXP_CatBoostModel_Alpha158_csi300_custom_step0_s_20260427_16,732dbce90c3341569abc8dd8e704d2a2,0.012,,,
2654,2026-04-27,SH600176,0.0825589436208694,EXP_CatBoostModel_Alpha158_csi300_custom_step0_s_20260427_16,732dbce90c3341569abc8dd8e704d2a2,0.012,,,
2655,2026-04-27,SH600183,0.09451982260353771,EXP_CatBoostModel_Alpha158_csi300_custom_step0_s_20260427_16,732dbce90c3341569abc8dd8e704d2a2,0.012,,,
2656,2026-04-27,SH600188,0.011419846152398532,EXP_CatBoostModel_Alpha158_csi300_custom_step0_s_20260427_16,732dbce90c3341569abc8dd8e704d2a2,0.012,,,
2657,2026-04-27,SH600196,-0.027017671756962888,EXP_CatBoostModel_Alpha158_csi300_custom_step0_s_20260427_16,732dbce90c3341569abc8dd8e704d2a2,0.012,,,
2658,2026-04-27,SH600219,0.007038840801911552,EXP_CatBoostModel_Alpha158_csi300_custom_step0_s_20260427_16,732dbce90c3341569abc8dd8e704d2a2,0.012,,,
2659,2026-04-27,SH600089,-0.019239978425795102,EXP_CatBoostModel_Alpha158_csi300_custom_step0_s_20260427_16,732dbce90c3341569abc8dd8e704d2a2,0.012,,,
2660,2026-04-27,SH600025,-0.020507386970894464,EXP_CatBoostModel_Alpha158_csi300_custom_step0_s_20260427_16,732dbce90c3341569abc8dd8e704d2a2,0.012,,,
2661,2026-04-27,SH600023,0.017729181086741565,EXP_CatBoostModel_Alpha158_csi300_custom_step0_s_20260427_16,732dbce90c3341569abc8dd8e704d2a2,0.012,,,
2662,2026-04-27,SH600019,-0.024627599493205785,EXP_CatBoostModel_Alpha158_csi300_custom_step0_s_20260427_16,732dbce90c3341569abc8dd8e704d2a2,0.012,,,
2663,2026-04-27,SZ300476,-0.0014574697218131896,EXP_CatBoostModel_Alpha158_csi300_custom_step0_s_20260427_16,bdb93489f35f4cceba1a605028c54154,0.098,,,
2664,2026-04-27,SZ300498,-0.0014574697218131896,EXP_CatBoostModel_Alpha158_csi300_custom_step0_s_20260427_16,bdb93489f35f4cceba1a605028c54154,0.098,,,
2665,2026-04-27,SZ300502,-0.0014574697218131896,EXP_CatBoostModel_Alpha158_csi300_custom_step0_s_20260427_16,bdb93489f35f4cceba1a605028c54154,0.098,,,
2666,2026-04-27,SZ300628,-0.0014574697218131896,EXP_CatBoostModel_Alpha158_csi300_custom_step0_s_20260427_16,bdb93489f35f4cceba1a605028c54154,0.098,,,
2667,2026-04-27,SZ300661,-0.0014574697218131896,EXP_CatBoostModel_Alpha158_csi300_custom_step0_s_20260427_16,bdb93489f35f4cceba1a605028c54154,0.098,,,
2668,2026-04-27,SZ300750,8.164590831457062e-05,EXP_CatBoostModel_Alpha158_csi300_custom_step0_s_20260427_16,bdb93489f35f4cceba1a605028c54154,0.098,,,
2669,2026-04-27,SZ300759,-0.0014574697218131896,EXP_CatBoostModel_Alpha158_csi300_custom_step0_s_20260427_16,bdb93489f35f4cceba1a605028c54154,0.098,,,
2670,2026-04-27,SZ300760,-0.0016363134123185956,EXP_CatBoostModel_Alpha158_csi300_custom_step0_s_20260427_16,bdb93489f35f4cceba1a605028c54154,0.098,,,
2671,2026-04-27,SZ300782,0.0008056467274852487,EXP_CatBoostModel_Alpha158_csi300_custom_step0_s_20260427_16,bdb93489f35f4cceba1a605028c54154,0.098,,,
2672,2026-04-27,SZ300803,-0.0014574697218131896,EXP_CatBoostModel_Alpha158_csi300_custom_step0_s_20260427_16,bdb93489f35f4cceba1a605028c54154,0.098,,,
2673,2026-04-27,SZ300832,0.0008056467274852487,EXP_CatBoostModel_Alpha158_csi300_custom_step0_s_20260427_16,bdb93489f35f4cceba1a605028c54154,0.098,,,
2674,2026-04-27,SZ300866,-0.0014574697218131896,EXP_CatBoostModel_Alpha158_csi300_custom_step0_s_20260427_16,bdb93489f35f4cceba1a605028c54154,0.098,,,
2675,2026-04-27,SZ300896,8.164590831457062e-05,EXP_CatBoostModel_Alpha158_csi300_custom_step0_s_20260427_16,bdb93489f35f4cceba1a605028c54154,0.098,,,
2676,2026-04-27,SZ300979,8.164590831457062e-05,EXP_CatBoostModel_Alpha158_csi300_custom_step0_s_20260427_16,bdb93489f35f4cceba1a605028c54154,0.098,,,
2677,2026-04-27,SZ300999,8.164590831457062e-05,EXP_CatBoostModel_Alpha158_csi300_custom_step0_s_20260427_16,bdb93489f35f4cceba1a605028c54154,0.098,,,
2678,2026-04-27,SZ301236,-0.0014574697218131896,EXP_CatBoostModel_Alpha158_csi300_custom_step0_s_20260427_16,bdb93489f35f4cceba1a605028c54154,0.098,,,
2679,2026-04-27,SZ301269,-0.0014574697218131896,EXP_CatBoostModel_Alpha158_csi300_custom_step0_s_20260427_16,bdb93489f35f4cceba1a605028c54154,0.098,,,
2680,2026-04-27,SZ302132,-0.004589972973506052,EXP_CatBoostModel_Alpha158_csi300_custom_step0_s_20260427_16,bdb93489f35f4cceba1a605028c54154,0.098,,,
2681,2026-04-27,SH600000,-0.04834218539361809,EXP_CatBoostModel_Alpha158_csi300_custom_step0_s_20260427_16,732dbce90c3341569abc8dd8e704d2a2,0.012,,,
2682,2026-04-27,SH600009,-0.03668108806139848,EXP_CatBoostModel_Alpha158_csi300_custom_step0_s_20260427_16,732dbce90c3341569abc8dd8e704d2a2,0.012,,,
2683,2026-04-27,SH600010,0.006470695932854678,EXP_CatBoostModel_Alpha158_csi300_custom_step0_s_20260427_16,732dbce90c3341569abc8dd8e704d2a2,0.012,,,
2684,2026-04-27,SH600011,-0.027540843873225865,EXP_CatBoostModel_Alpha158_csi300_custom_step0_s_20260427_16,732dbce90c3341569abc8dd8e704d2a2,0.012,,,
2685,2026-04-27,SH600015,-0.020907134211244887,EXP_CatBoostModel_Alpha158_csi300_custom_step0_s_20260427_16,732dbce90c3341569abc8dd8e704d2a2,0.012,,,
2686,2026-04-27,SH600016,-0.011026906696373386,EXP_CatBoostModel_Alpha158_csi300_custom_step0_s_20260427_16,732dbce90c3341569abc8dd8e704d2a2,0.012,,,
2687,2026-04-27,SH600018,-0.022462949802433716,EXP_CatBoostModel_Alpha158_csi300_custom_step0_s_20260427_16,732dbce90c3341569abc8dd8e704d2a2,0.012,,,
2688,2026-04-27,SZ301236,-0.0023121727743249452,EXP_LGBModel_Alpha158_csi300_custom_step0_s_20260427_16,2b4d788c2de442818e394344bd545d1e,0.129,,,
2689,2026-04-27,SZ301269,2.9451583979917814e-10,EXP_LGBModel_Alpha158_csi300_custom_step0_s_20260427_16,2b4d788c2de442818e394344bd545d1e,0.129,,,
2690,2026-04-27,SZ302132,-0.001864707839783127,EXP_LGBModel_Alpha158_csi300_custom_step0_s_20260427_16,2b4d788c2de442818e394344bd545d1e,0.129,,,
2691,2026-04-27,SH600000,-0.020009921282702067,EXP_LGBModel_Alpha158_csi300_custom_step0_s_20260427_16,1b6e0fae030742ceb35752bc3968b21b,0.074,,,
2692,2026-04-27,SZ300832,-0.01988723490802296,EXP_LGBModel_Alpha158_csi300_custom_step0_s_20260427_16,3e124617a26e440eade78ce8f07dec56,0.083,,,
2693,2026-04-27,SZ300866,0.022123202558282606,EXP_LGBModel_Alpha158_csi300_custom_step0_s_20260427_16,3e124617a26e440eade78ce8f07dec56,0.083,,,
2694,2026-04-27,SZ300896,-1.44326321557998e-09,EXP_LGBModel_Alpha158_csi300_custom_step0_s_20260427_16,3e124617a26e440eade78ce8f07dec56,0.083,,,
2695,2026-04-27,SZ300979,0.0007918210340248365,EXP_LGBModel_Alpha158_csi300_custom_step0_s_20260427_16,3e124617a26e440eade78ce8f07dec56,0.083,,,
2696,2026-04-27,SZ300999,-1.44326321557998e-09,EXP_LGBModel_Alpha158_csi300_custom_step0_s_20260427_16,3e124617a26e440eade78ce8f07dec56,0.083,,,
2697,2026-04-27,SZ301236,-0.01429932723581593,EXP_LGBModel_Alpha158_csi300_custom_step0_s_20260427_16,3e124617a26e440eade78ce8f07dec56,0.083,,,
2698,2026-04-27,SZ301269,0.000312277634240208,EXP_LGBModel_Alpha158_csi300_custom_step0_s_20260427_16,3e124617a26e440eade78ce8f07dec56,0.083,,,
2699,2026-04-27,SZ302132,-1.44326321557998e-09,EXP_LGBModel_Alpha158_csi300_custom_step0_s_20260427_16,3e124617a26e440eade78ce8f07dec56,0.083,,,
2700,2026-04-27,SH600000,-0.02131571025845556,EXP_DEnsembleModel_Alpha158_csi300_custom_step0_s_20260427_14,b03ff0b5e410474682dd4e8f09c3bedd,0.15,,,
2701,2026-04-27,SH600009,0.04196778066398777,EXP_DEnsembleModel_Alpha158_csi300_custom_step0_s_20260427_14,b03ff0b5e410474682dd4e8f09c3bedd,0.15,,,
2702,2026-04-27,SH600010,-0.023341365755233507,EXP_DEnsembleModel_Alpha158_csi300_custom_step0_s_20260427_14,b03ff0b5e410474682dd4e8f09c3bedd,0.15,,,
2703,2026-04-27,SZ300803,-1.44326321557998e-09,EXP_LGBModel_Alpha158_csi300_custom_step0_s_20260427_16,3e124617a26e440eade78ce8f07dec56,0.083,,,
2704,2026-04-27,SH600011,0.07274546583756354,EXP_DEnsembleModel_Alpha158_csi300_custom_step0_s_20260427_14,b03ff0b5e410474682dd4e8f09c3bedd,0.15,,,
2705,2026-04-27,SH600016,0.10787219260590397,EXP_DEnsembleModel_Alpha158_csi300_custom_step0_s_20260427_14,b03ff0b5e410474682dd4e8f09c3bedd,0.15,,,
2706,2026-04-27,SH600018,0.03592033873296212,EXP_DEnsembleModel_Alpha158_csi300_custom_step0_s_20260427_14,b03ff0b5e410474682dd4e8f09c3bedd,0.15,,,
2707,2026-04-27,SH600019,0.0810114292369088,EXP_DEnsembleModel_Alpha158_csi300_custom_step0_s_20260427_14,b03ff0b5e410474682dd4e8f09c3bedd,0.15,,,
2708,2026-04-27,SH600023,0.02873793978130863,EXP_DEnsembleModel_Alpha158_csi300_custom_step0_s_20260427_14,b03ff0b5e410474682dd4e8f09c3bedd,0.15,,,
2709,2026-04-27,SH600025,0.06845104517555509,EXP_DEnsembleModel_Alpha158_csi300_custom_step0_s_20260427_14,b03ff0b5e410474682dd4e8f09c3bedd,0.15,,,
2710,2026-04-27,SH600026,0.02338735247721561,EXP_DEnsembleModel_Alpha158_csi300_custom_step0_s_20260427_14,b03ff0b5e410474682dd4e8f09c3bedd,0.15,,,
2711,2026-04-27,SH600027,-0.01719855424710553,EXP_DEnsembleModel_Alpha158_csi300_custom_step0_s_20260427_14,b03ff0b5e410474682dd4e8f09c3bedd,0.15,,,
2712,2026-04-27,SH600028,-0.07714602156895557,EXP_DEnsembleModel_Alpha158_csi300_custom_step0_s_20260427_14,b03ff0b5e410474682dd4e8f09c3bedd,0.15,,,
2713,2026-04-27,SH600029,-0.06488985663026653,EXP_DEnsembleModel_Alpha158_csi300_custom_step0_s_20260427_14,b03ff0b5e410474682dd4e8f09c3bedd,0.15,,,
2714,2026-04-27,SH600030,0.01899749999695556,EXP_DEnsembleModel_Alpha158_csi300_custom_step0_s_20260427_14,b03ff0b5e410474682dd4e8f09c3bedd,0.15,,,
2715,2026-04-27,SH600031,-0.11623296526062911,EXP_DEnsembleModel_Alpha158_csi300_custom_step0_s_20260427_14,b03ff0b5e410474682dd4e8f09c3bedd,0.15,,,
2716,2026-04-27,SH600015,0.0947173505926382,EXP_DEnsembleModel_Alpha158_csi300_custom_step0_s_20260427_14,b03ff0b5e410474682dd4e8f09c3bedd,0.15,,,
2717,2026-04-27,SH600036,0.07511039965001114,EXP_DEnsembleModel_Alpha158_csi300_custom_step0_s_20260427_14,b03ff0b5e410474682dd4e8f09c3bedd,0.15,,,
2718,2026-04-27,SZ300782,0.04355668421373401,EXP_LGBModel_Alpha158_csi300_custom_step0_s_20260427_16,3e124617a26e440eade78ce8f07dec56,0.083,,,
2719,2026-04-27,SZ300759,0.0023131136181069926,EXP_LGBModel_Alpha158_csi300_custom_step0_s_20260427_16,3e124617a26e440eade78ce8f07dec56,0.083,,,
2720,2026-04-27,SZ003816,0.009722202454080654,EXP_LGBModel_Alpha158_csi300_custom_step0_s_20260427_16,3e124617a26e440eade78ce8f07dec56,0.083,,,
2721,2026-04-27,SZ300014,0.0036191321757919957,EXP_LGBModel_Alpha158_csi300_custom_step0_s_20260427_16,3e124617a26e440eade78ce8f07dec56,0.083,,,
2722,2026-04-27,SZ300015,-0.013193673115690464,EXP_LGBModel_Alpha158_csi300_custom_step0_s_20260427_16,3e124617a26e440eade78ce8f07dec56,0.083,,,
2723,2026-04-27,SZ300033,-1.44326321557998e-09,EXP_LGBModel_Alpha158_csi300_custom_step0_s_20260427_16,3e124617a26e440eade78ce8f07dec56,0.083,,,
2724,2026-04-27,SZ300059,-0.005441442105700127,EXP_LGBModel_Alpha158_csi300_custom_step0_s_20260427_16,3e124617a26e440eade78ce8f07dec56,0.083,,,
2725,2026-04-27,SZ300122,-1.44326321557998e-09,EXP_LGBModel_Alpha158_csi300_custom_step0_s_20260427_16,3e124617a26e440eade78ce8f07dec56,0.083,,,
2726,2026-04-27,SZ300124,-1.44326321557998e-09,EXP_LGBModel_Alpha158_csi300_custom_step0_s_20260427_16,3e124617a26e440eade78ce8f07dec56,0.083,,,
2727,2026-04-27,SZ300251,-1.44326321557998e-09,EXP_LGBModel_Alpha158_csi300_custom_step0_s_20260427_16,3e124617a26e440eade78ce8f07dec56,0.083,,,
2728,2026-04-27,SZ300274,0.001869747776908019,EXP_LGBModel_Alpha158_csi300_custom_step0_s_20260427_16,3e124617a26e440eade78ce8f07dec56,0.083,,,
2729,2026-04-27,SZ300308,-1.44326321557998e-09,EXP_LGBModel_Alpha158_csi300_custom_step0_s_20260427_16,3e124617a26e440eade78ce8f07dec56,0.083,,,
2730,2026-04-27,SZ300316,-0.005441442105700127,EXP_LGBModel_Alpha158_csi300_custom_step0_s_20260427_16,3e124617a26e440eade78ce8f07dec56,0.083,,,
2731,2026-04-27,SZ300760,-0.01988723490802296,EXP_LGBModel_Alpha158_csi300_custom_step0_s_20260427_16,3e124617a26e440eade78ce8f07dec56,0.083,,,
2732,2026-04-27,SZ300347,0.011960649084181032,EXP_LGBModel_Alpha158_csi300_custom_step0_s_20260427_16,3e124617a26e440eade78ce8f07dec56,0.083,,,
2733,2026-04-27,SZ300408,0.02657027888164536,EXP_LGBModel_Alpha158_csi300_custom_step0_s_20260427_16,3e124617a26e440eade78ce8f07dec56,0.083,,,
2734,2026-04-27,SZ300413,-0.01988723490802296,EXP_LGBModel_Alpha158_csi300_custom_step0_s_20260427_16,3e124617a26e440eade78ce8f07dec56,0.083,,,
2735,2026-04-27,SZ300418,-1.44326321557998e-09,EXP_LGBModel_Alpha158_csi300_custom_step0_s_20260427_16,3e124617a26e440eade78ce8f07dec56,0.083,,,
2736,2026-04-27,SZ300433,-0.01988723490802296,EXP_LGBModel_Alpha158_csi300_custom_step0_s_20260427_16,3e124617a26e440eade78ce8f07dec56,0.083,,,
2737,2026-04-27,SZ300442,0.0013041920443119391,EXP_LGBModel_Alpha158_csi300_custom_step0_s_20260427_16,3e124617a26e440eade78ce8f07dec56,0.083,,,
2738,2026-04-27,SZ300476,0.0332768387799059,EXP_LGBModel_Alpha158_csi300_custom_step0_s_20260427_16,3e124617a26e440eade78ce8f07dec56,0.083,,,
2739,2026-04-27,SZ300498,-1.44326321557998e-09,EXP_LGBModel_Alpha158_csi300_custom_step0_s_20260427_16,3e124617a26e440eade78ce8f07dec56,0.083,,,
2740,2026-04-27,SZ300502,0.036850124315473465,EXP_LGBModel_Alpha158_csi300_custom_step0_s_20260427_16,3e124617a26e440eade78ce8f07dec56,0.083,,,
2741,2026-04-27,SZ300628,0.009407228460606092,EXP_LGBModel_Alpha158_csi300_custom_step0_s_20260427_16,3e124617a26e440eade78ce8f07dec56,0.083,,,
2742,2026-04-27,SZ300661,0.0125929590519351,EXP_LGBModel_Alpha158_csi300_custom_step0_s_20260427_16,3e124617a26e440eade78ce8f07dec56,0.083,,,
2743,2026-04-27,SZ300750,0.00041804344785574456,EXP_LGBModel_Alpha158_csi300_custom_step0_s_20260427_16,3e124617a26e440eade78ce8f07dec56,0.083,,,
2744,2026-04-27,SZ300394,0.0332768387799059,EXP_LGBModel_Alpha158_csi300_custom_step0_s_20260427_16,3e124617a26e440eade78ce8f07dec56,0.083,,,
2745,2026-04-27,SZ002938,0.013066518720947974,EXP_LGBModel_Alpha158_csi300_custom_step0_s_20260427_16,3e124617a26e440eade78ce8f07dec56,0.083,,,
2746,2026-04-27,SH600039,-0.12736247795911584,EXP_DEnsembleModel_Alpha158_csi300_custom_step0_s_20260427_14,b03ff0b5e410474682dd4e8f09c3bedd,0.15,,,
2747,2026-04-27,SH600050,0.05598782725111983,EXP_DEnsembleModel_Alpha158_csi300_custom_step0_s_20260427_14,b03ff0b5e410474682dd4e8f09c3bedd,0.15,,,
2748,2026-04-27,SH600482,0.0065940522994169795,EXP_DEnsembleModel_Alpha158_csi300_custom_step0_s_20260427_14,b03ff0b5e410474682dd4e8f09c3bedd,0.15,,,
2749,2026-04-27,SH600489,-0.09644524716306144,EXP_DEnsembleModel_Alpha158_csi300_custom_step0_s_20260427_14,b03ff0b5e410474682dd4e8f09c3bedd,0.15,,,
2750,2026-04-27,SH600515,-0.03632497974808412,EXP_DEnsembleModel_Alpha158_csi300_custom_step0_s_20260427_14,b03ff0b5e410474682dd4e8f09c3bedd,0.15,,,
2751,2026-04-27,SH600519,0.0035060563811349474,EXP_DEnsembleModel_Alpha158_csi300_custom_step0_s_20260427_14,b03ff0b5e410474682dd4e8f09c3bedd,0.15,,,
2752,2026-04-27,SH600522,-0.16742469607585003,EXP_DEnsembleModel_Alpha158_csi300_custom_step0_s_20260427_14,b03ff0b5e410474682dd4e8f09c3bedd,0.15,,,
2753,2026-04-27,SH600547,-0.01138657097954693,EXP_DEnsembleModel_Alpha158_csi300_custom_step0_s_20260427_14,b03ff0b5e410474682dd4e8f09c3bedd,0.15,,,
2754,2026-04-27,SH600570,-0.03935838406035761,EXP_DEnsembleModel_Alpha158_csi300_custom_step0_s_20260427_14,b03ff0b5e410474682dd4e8f09c3bedd,0.15,,,
2755,2026-04-27,SH600584,0.055707802857293105,EXP_DEnsembleModel_Alpha158_csi300_custom_step0_s_20260427_14,b03ff0b5e410474682dd4e8f09c3bedd,0.15,,,
2756,2026-04-27,SH600585,-0.017779020256643702,EXP_DEnsembleModel_Alpha158_csi300_custom_step0_s_20260427_14,b03ff0b5e410474682dd4e8f09c3bedd,0.15,,,
2757,2026-04-27,SH600588,-0.05905822160425536,EXP_DEnsembleModel_Alpha158_csi300_custom_step0_s_20260427_14,b03ff0b5e410474682dd4e8f09c3bedd,0.15,,,
2758,2026-04-27,SH600600,0.08371277863257594,EXP_DEnsembleModel_Alpha158_csi300_custom_step0_s_20260427_14,b03ff0b5e410474682dd4e8f09c3bedd,0.15,,,
2759,2026-04-27,SH600460,0.0450993104540834,EXP_DEnsembleModel_Alpha158_csi300_custom_step0_s_20260427_14,b03ff0b5e410474682dd4e8f09c3bedd,0.15,,,
2760,2026-04-27,SH600660,0.03929737804634153,EXP_DEnsembleModel_Alpha158_csi300_custom_step0_s_20260427_14,b03ff0b5e410474682dd4e8f09c3bedd,0.15,,,
2761,2026-04-27,SH600690,-0.051066031567368254,EXP_DEnsembleModel_Alpha158_csi300_custom_step0_s_20260427_14,b03ff0b5e410474682dd4e8f09c3bedd,0.15,,,
2762,2026-04-27,SH600741,0.05907418645285655,EXP_DEnsembleModel_Alpha158_csi300_custom_step0_s_20260427_14,b03ff0b5e410474682dd4e8f09c3bedd,0.15,,,
2763,2026-04-27,SH600760,-0.1351365925284477,EXP_DEnsembleModel_Alpha158_csi300_custom_step0_s_20260427_14,b03ff0b5e410474682dd4e8f09c3bedd,0.15,,,
2764,2026-04-27,SH600795,0.058120112812530884,EXP_DEnsembleModel_Alpha158_csi300_custom_step0_s_20260427_14,b03ff0b5e410474682dd4e8f09c3bedd,0.15,,,
2765,2026-04-27,SH600803,0.006281473275042515,EXP_DEnsembleModel_Alpha158_csi300_custom_step0_s_20260427_14,b03ff0b5e410474682dd4e8f09c3bedd,0.15,,,
2766,2026-04-27,SH600809,-0.051692071801314445,EXP_DEnsembleModel_Alpha158_csi300_custom_step0_s_20260427_14,b03ff0b5e410474682dd4e8f09c3bedd,0.15,,,
2767,2026-04-27,SH600845,-0.05723741119189688,EXP_DEnsembleModel_Alpha158_csi300_custom_step0_s_20260427_14,b03ff0b5e410474682dd4e8f09c3bedd,0.15,,,
2768,2026-04-27,SH600875,0.02008117992285532,EXP_DEnsembleModel_Alpha158_csi300_custom_step0_s_20260427_14,b03ff0b5e410474682dd4e8f09c3bedd,0.15,,,
2769,2026-04-27,SH600886,0.03627946228281836,EXP_DEnsembleModel_Alpha158_csi300_custom_step0_s_20260427_14,b03ff0b5e410474682dd4e8f09c3bedd,0.15,,,
2770,2026-04-27,SH600887,0.038152872759998235,EXP_DEnsembleModel_Alpha158_csi300_custom_step0_s_20260427_14,b03ff0b5e410474682dd4e8f09c3bedd,0.15,,,
2771,2026-04-27,SH600893,-0.062399874536412436,EXP_DEnsembleModel_Alpha158_csi300_custom_step0_s_20260427_14,b03ff0b5e410474682dd4e8f09c3bedd,0.15,,,
2772,2026-04-27,SH600674,-0.026785313994445725,EXP_DEnsembleModel_Alpha158_csi300_custom_step0_s_20260427_14,b03ff0b5e410474682dd4e8f09c3bedd,0.15,,,
2773,2026-04-27,SH600048,-0.036971678150058813,EXP_DEnsembleModel_Alpha158_csi300_custom_step0_s_20260427_14,b03ff0b5e410474682dd4e8f09c3bedd,0.15,,,
2774,2026-04-27,SH600438,-0.05136152691213795,EXP_DEnsembleModel_Alpha158_csi300_custom_step0_s_20260427_14,b03ff0b5e410474682dd4e8f09c3bedd,0.15,,,
2775,2026-04-27,SH600426,-0.09515315346225271,EXP_DEnsembleModel_Alpha158_csi300_custom_step0_s_20260427_14,b03ff0b5e410474682dd4e8f09c3bedd,0.15,,,
2776,2026-04-27,SH600061,-0.012965218882251677,EXP_DEnsembleModel_Alpha158_csi300_custom_step0_s_20260427_14,b03ff0b5e410474682dd4e8f09c3bedd,0.15,,,
2777,2026-04-27,SH600066,0.04964740990848051,EXP_DEnsembleModel_Alpha158_csi300_custom_step0_s_20260427_14,b03ff0b5e410474682dd4e8f09c3bedd,0.15,,,
2778,2026-04-27,SH600085,0.034393071280092856,EXP_DEnsembleModel_Alpha158_csi300_custom_step0_s_20260427_14,b03ff0b5e410474682dd4e8f09c3bedd,0.15,,,
2779,2026-04-27,SH600089,-0.10119884211524947,EXP_DEnsembleModel_Alpha158_csi300_custom_step0_s_20260427_14,b03ff0b5e410474682dd4e8f09c3bedd,0.15,,,
2780,2026-04-27,SH600104,0.021488243413155982,EXP_DEnsembleModel_Alpha158_csi300_custom_step0_s_20260427_14,b03ff0b5e410474682dd4e8f09c3bedd,0.15,,,
2781,2026-04-27,SH600111,-0.06575403798897801,EXP_DEnsembleModel_Alpha158_csi300_custom_step0_s_20260427_14,b03ff0b5e410474682dd4e8f09c3bedd,0.15,,,
2782,2026-04-27,SH600115,-0.05842230417526075,EXP_DEnsembleModel_Alpha158_csi300_custom_step0_s_20260427_14,b03ff0b5e410474682dd4e8f09c3bedd,0.15,,,
2783,2026-04-27,SH600150,0.004037450282243507,EXP_DEnsembleModel_Alpha158_csi300_custom_step0_s_20260427_14,b03ff0b5e410474682dd4e8f09c3bedd,0.15,,,
2784,2026-04-27,SH600160,-0.04810361064563063,EXP_DEnsembleModel_Alpha158_csi300_custom_step0_s_20260427_14,b03ff0b5e410474682dd4e8f09c3bedd,0.15,,,
2785,2026-04-27,SH600161,0.02291037866337896,EXP_DEnsembleModel_Alpha158_csi300_custom_step0_s_20260427_14,b03ff0b5e410474682dd4e8f09c3bedd,0.15,,,
2786,2026-04-27,SH600176,-0.00028581768846546596,EXP_DEnsembleModel_Alpha158_csi300_custom_step0_s_20260427_14,b03ff0b5e410474682dd4e8f09c3bedd,0.15,,,
2787,2026-04-27,SH600436,-0.03083383022744304,EXP_DEnsembleModel_Alpha158_csi300_custom_step0_s_20260427_14,b03ff0b5e410474682dd4e8f09c3bedd,0.15,,,
2788,2026-04-27,SH600183,-0.0784074458770654,EXP_DEnsembleModel_Alpha158_csi300_custom_step0_s_20260427_14,b03ff0b5e410474682dd4e8f09c3bedd,0.15,,,
2789,2026-04-27,SH600196,-0.052970856015191976,EXP_DEnsembleModel_Alpha158_csi300_custom_step0_s_20260427_14,b03ff0b5e410474682dd4e8f09c3bedd,0.15,,,
2790,2026-04-27,SH600219,-0.07801087016636503,EXP_DEnsembleModel_Alpha158_csi300_custom_step0_s_20260427_14,b03ff0b5e410474682dd4e8f09c3bedd,0.15,,,
2791,2026-04-27,SH600233,0.039887671949356024,EXP_DEnsembleModel_Alpha158_csi300_custom_step0_s_20260427_14,b03ff0b5e410474682dd4e8f09c3bedd,0.15,,,
2792,2026-04-27,SH600276,0.02413481322056687,EXP_DEnsembleModel_Alpha158_csi300_custom_step0_s_20260427_14,b03ff0b5e410474682dd4e8f09c3bedd,0.15,,,
2793,2026-04-27,SH600309,0.017399130934636537,EXP_DEnsembleModel_Alpha158_csi300_custom_step0_s_20260427_14,b03ff0b5e410474682dd4e8f09c3bedd,0.15,,,
2794,2026-04-27,SH600346,-0.10951589389309226,EXP_DEnsembleModel_Alpha158_csi300_custom_step0_s_20260427_14,b03ff0b5e410474682dd4e8f09c3bedd,0.15,,,
2795,2026-04-27,SH600362,-0.12278142128503647,EXP_DEnsembleModel_Alpha158_csi300_custom_step0_s_20260427_14,b03ff0b5e410474682dd4e8f09c3bedd,0.15,,,
2796,2026-04-27,SH600372,-0.0321941754447465,EXP_DEnsembleModel_Alpha158_csi300_custom_step0_s_20260427_14,b03ff0b5e410474682dd4e8f09c3bedd,0.15,,,
2797,2026-04-27,SH600377,0.025989572626929466,EXP_DEnsembleModel_Alpha158_csi300_custom_step0_s_20260427_14,b03ff0b5e410474682dd4e8f09c3bedd,0.15,,,
2798,2026-04-27,SH600406,-0.014524765374327677,EXP_DEnsembleModel_Alpha158_csi300_custom_step0_s_20260427_14,b03ff0b5e410474682dd4e8f09c3bedd,0.15,,,
2799,2026-04-27,SH600415,0.04861176964578816,EXP_DEnsembleModel_Alpha158_csi300_custom_step0_s_20260427_14,b03ff0b5e410474682dd4e8f09c3bedd,0.15,,,
2800,2026-04-27,SH600188,-0.22330670477839332,EXP_DEnsembleModel_Alpha158_csi300_custom_step0_s_20260427_14,b03ff0b5e410474682dd4e8f09c3bedd,0.15,,,
2801,2026-04-27,SH600900,0.07284141705073127,EXP_DEnsembleModel_Alpha158_csi300_custom_step0_s_20260427_14,b03ff0b5e410474682dd4e8f09c3bedd,0.15,,,
2802,2026-04-27,SZ002920,-0.009059685121796411,EXP_LGBModel_Alpha158_csi300_custom_step0_s_20260427_16,3e124617a26e440eade78ce8f07dec56,0.083,,,
2803,2026-04-27,SZ002736,-0.017272986932877068,EXP_LGBModel_Alpha158_csi300_custom_step0_s_20260427_16,3e124617a26e440eade78ce8f07dec56,0.083,,,
2804,2026-04-27,SH688169,-0.011685079260670042,EXP_LGBModel_Alpha158_csi300_custom_step0_s_20260427_16,3e124617a26e440eade78ce8f07dec56,0.083,,,
2805,2026-04-27,SH688187,-0.01988723490802296,EXP_LGBModel_Alpha158_csi300_custom_step0_s_20260427_16,3e124617a26e440eade78ce8f07dec56,0.083,,,
2806,2026-04-27,SH688223,0.001869747776908019,EXP_LGBModel_Alpha158_csi300_custom_step0_s_20260427_16,3e124617a26e440eade78ce8f07dec56,0.083,,,
2807,2026-04-27,SH688256,0.02657027888164536,EXP_LGBModel_Alpha158_csi300_custom_step0_s_20260427_16,3e124617a26e440eade78ce8f07dec56,0.083,,,
2808,2026-04-27,SH688271,-0.002594207349361264,EXP_LGBModel_Alpha158_csi300_custom_step0_s_20260427_16,3e124617a26e440eade78ce8f07dec56,0.083,,,
2809,2026-04-27,SH688303,-1.44326321557998e-09,EXP_LGBModel_Alpha158_csi300_custom_step0_s_20260427_16,3e124617a26e440eade78ce8f07dec56,0.083,,,
2810,2026-04-27,SH688396,-0.0021925400834924406,EXP_LGBModel_Alpha158_csi300_custom_step0_s_20260427_16,3e124617a26e440eade78ce8f07dec56,0.083,,,
2811,2026-04-27,SH688472,0.001869747776908019,EXP_LGBModel_Alpha158_csi300_custom_step0_s_20260427_16,3e124617a26e440eade78ce8f07dec56,0.083,,,
2812,2026-04-27,SH688506,-0.005766028426767728,EXP_LGBModel_Alpha158_csi300_custom_step0_s_20260427_16,3e124617a26e440eade78ce8f07dec56,0.083,,,
2813,2026-04-27,SH688981,-0.0015085952982836384,EXP_LGBModel_Alpha158_csi300_custom_step0_s_20260427_16,3e124617a26e440eade78ce8f07dec56,0.083,,,
2814,2026-04-27,SZ000001,0.0008528649342949377,EXP_LGBModel_Alpha158_csi300_custom_step0_s_20260427_16,3e124617a26e440eade78ce8f07dec56,0.083,,,
2815,2026-04-27,SH688126,0.002204511087992634,EXP_LGBModel_Alpha158_csi300_custom_step0_s_20260427_16,3e124617a26e440eade78ce8f07dec56,0.083,,,
2816,2026-04-27,SZ000002,0.001869747776908019,EXP_LGBModel_Alpha158_csi300_custom_step0_s_20260427_16,3e124617a26e440eade78ce8f07dec56,0.083,,,
2817,2026-04-27,SZ000100,-0.01988723490802296,EXP_LGBModel_Alpha158_csi300_custom_step0_s_20260427_16,3e124617a26e440eade78ce8f07dec56,0.083,,,
2818,2026-04-27,SZ000157,-0.01988723490802296,EXP_LGBModel_Alpha158_csi300_custom_step0_s_20260427_16,3e124617a26e440eade78ce8f07dec56,0.083,,,
2819,2026-04-27,SZ000166,-0.0016651980148081125,EXP_LGBModel_Alpha158_csi300_custom_step0_s_20260427_16,3e124617a26e440eade78ce8f07dec56,0.083,,,
2820,2026-04-27,SZ000301,0.014396777748029438,EXP_LGBModel_Alpha158_csi300_custom_step0_s_20260427_16,3e124617a26e440eade78ce8f07dec56,0.083,,,
2821,2026-04-27,SZ000333,0.011960649084181032,EXP_LGBModel_Alpha158_csi300_custom_step0_s_20260427_16,3e124617a26e440eade78ce8f07dec56,0.083,,,
2822,2026-04-27,SZ000338,0.014896709214446805,EXP_LGBModel_Alpha158_csi300_custom_step0_s_20260427_16,3e124617a26e440eade78ce8f07dec56,0.083,,,
2823,2026-04-27,SZ000408,0.009407228460606092,EXP_LGBModel_Alpha158_csi300_custom_step0_s_20260427_16,3e124617a26e440eade78ce8f07dec56,0.083,,,
2824,2026-04-27,SZ000425,-0.006185940860674782,EXP_LGBModel_Alpha158_csi300_custom_step0_s_20260427_16,3e124617a26e440eade78ce8f07dec56,0.083,,,
2825,2026-04-27,SZ000538,-0.016418644810203064,EXP_LGBModel_Alpha158_csi300_custom_step0_s_20260427_16,3e124617a26e440eade78ce8f07dec56,0.083,,,
2826,2026-04-27,SZ000568,-0.0016651980148081125,EXP_LGBModel_Alpha158_csi300_custom_step0_s_20260427_16,3e124617a26e440eade78ce8f07dec56,0.083,,,
2827,2026-04-27,SZ000596,-0.002594207349361264,EXP_LGBModel_Alpha158_csi300_custom_step0_s_20260427_16,3e124617a26e440eade78ce8f07dec56,0.083,,,
2828,2026-04-27,SZ000063,0.0055855195442154615,EXP_LGBModel_Alpha158_csi300_custom_step0_s_20260427_16,3e124617a26e440eade78ce8f07dec56,0.083,,,
2829,2026-04-27,SZ000617,-0.016418644810203064,EXP_LGBModel_Alpha158_csi300_custom_step0_s_20260427_16,3e124617a26e440eade78ce8f07dec56,0.083,,,
2830,2026-04-27,SH688111,-0.006975749011681544,EXP_LGBModel_Alpha158_csi300_custom_step0_s_20260427_16,3e124617a26e440eade78ce8f07dec56,0.083,,,
2831,2026-04-27,SH688047,-0.0015085952982836384,EXP_LGBModel_Alpha158_csi300_custom_step0_s_20260427_16,3e124617a26e440eade78ce8f07dec56,0.083,,,
2832,2026-04-27,SH601985,-0.002594207349361264,EXP_LGBModel_Alpha158_csi300_custom_step0_s_20260427_16,3e124617a26e440eade78ce8f07dec56,0.083,,,
2833,2026-04-27,SH601988,-0.004495334834609847,EXP_LGBModel_Alpha158_csi300_custom_step0_s_20260427_16,3e124617a26e440eade78ce8f07dec56,0.083,,,
2834,2026-04-27,SH601995,0.007022443867095491,EXP_LGBModel_Alpha158_csi300_custom_step0_s_20260427_16,3e124617a26e440eade78ce8f07dec56,0.083,,,
2835,2026-04-27,SH601998,0.011843357124454498,EXP_LGBModel_Alpha158_csi300_custom_step0_s_20260427_16,3e124617a26e440eade78ce8f07dec56,0.083,,,
2836,2026-04-27,SH603019,0.002204511087992634,EXP_LGBModel_Alpha158_csi300_custom_step0_s_20260427_16,3e124617a26e440eade78ce8f07dec56,0.083,,,
2837,2026-04-27,SH603195,-0.0007744319308756754,EXP_LGBModel_Alpha158_csi300_custom_step0_s_20260427_16,3e124617a26e440eade78ce8f07dec56,0.083,,,
2838,2026-04-27,SH603259,0.003942334390877262,EXP_LGBModel_Alpha158_csi300_custom_step0_s_20260427_16,3e124617a26e440eade78ce8f07dec56,0.083,,,
2839,2026-04-27,SH603260,-0.002594207349361264,EXP_LGBModel_Alpha158_csi300_custom_step0_s_20260427_16,3e124617a26e440eade78ce8f07dec56,0.083,,,
2840,2026-04-27,SH603288,-1.44326321557998e-09,EXP_LGBModel_Alpha158_csi300_custom_step0_s_20260427_16,3e124617a26e440eade78ce8f07dec56,0.083,,,
2841,2026-04-27,SH603296,0.007226491900572583,EXP_LGBModel_Alpha158_csi300_custom_step0_s_20260427_16,3e124617a26e440eade78ce8f07dec56,0.083,,,
2842,2026-04-27,SH603369,-0.01988723490802296,EXP_LGBModel_Alpha158_csi300_custom_step0_s_20260427_16,3e124617a26e440eade78ce8f07dec56,0.083,,,
2843,2026-04-27,SH688082,0.009407228460606092,EXP_LGBModel_Alpha158_csi300_custom_step0_s_20260427_16,3e124617a26e440eade78ce8f07dec56,0.083,,,
2844,2026-04-27,SH603392,-0.016418644810203064,EXP_LGBModel_Alpha158_csi300_custom_step0_s_20260427_16,3e124617a26e440eade78ce8f07dec56,0.083,,,
2845,2026-04-27,SH603799,0.014116558709594591,EXP_LGBModel_Alpha158_csi300_custom_step0_s_20260427_16,3e124617a26e440eade78ce8f07dec56,0.083,,,
2846,2026-04-27,SH603893,0.011960649084181032,EXP_LGBModel_Alpha158_csi300_custom_step0_s_20260427_16,3e124617a26e440eade78ce8f07dec56,0.083,,,
2847,2026-04-27,SH603986,0.0332768387799059,EXP_LGBModel_Alpha158_csi300_custom_step0_s_20260427_16,3e124617a26e440eade78ce8f07dec56,0.083,,,
2848,2026-04-27,SH603993,-0.0018197768617488044,EXP_LGBModel_Alpha158_csi300_custom_step0_s_20260427_16,3e124617a26e440eade78ce8f07dec56,0.083,,,
2849,2026-04-27,SH605117,0.0036731138213581694,EXP_LGBModel_Alpha158_csi300_custom_step0_s_20260427_16,3e124617a26e440eade78ce8f07dec56,0.083,,,
2850,2026-04-27,SH605499,0.021526774933749708,EXP_LGBModel_Alpha158_csi300_custom_step0_s_20260427_16,3e124617a26e440eade78ce8f07dec56,0.083,,,
2851,2026-04-27,SH688008,0.007226491900572583,EXP_LGBModel_Alpha158_csi300_custom_step0_s_20260427_16,3e124617a26e440eade78ce8f07dec56,0.083,,,
2852,2026-04-27,SH688009,-1.44326321557998e-09,EXP_LGBModel_Alpha158_csi300_custom_step0_s_20260427_16,3e124617a26e440eade78ce8f07dec56,0.083,,,
2853,2026-04-27,SH688012,0.00046948307019685867,EXP_LGBModel_Alpha158_csi300_custom_step0_s_20260427_16,3e124617a26e440eade78ce8f07dec56,0.083,,,
2854,2026-04-27,SH688036,-0.013193673115690464,EXP_LGBModel_Alpha158_csi300_custom_step0_s_20260427_16,3e124617a26e440eade78ce8f07dec56,0.083,,,
2855,2026-04-27,SH688041,0.02657027888164536,EXP_LGBModel_Alpha158_csi300_custom_step0_s_20260427_16,3e124617a26e440eade78ce8f07dec56,0.083,,,
2856,2026-04-27,SH603501,-1.44326321557998e-09,EXP_LGBModel_Alpha158_csi300_custom_step0_s_20260427_16,3e124617a26e440eade78ce8f07dec56,0.083,,,
2857,2026-04-27,SZ002916,0.02657027888164536,EXP_LGBModel_Alpha158_csi300_custom_step0_s_20260427_16,3e124617a26e440eade78ce8f07dec56,0.083,,,
2858,2026-04-27,SZ000625,-0.01988723490802296,EXP_LGBModel_Alpha158_csi300_custom_step0_s_20260427_16,3e124617a26e440eade78ce8f07dec56,0.083,,,
2859,2026-04-27,SZ000651,-0.0007744319308756754,EXP_LGBModel_Alpha158_csi300_custom_step0_s_20260427_16,3e124617a26e440eade78ce8f07dec56,0.083,,,
2860,2026-04-27,SZ002230,0.007022443867095491,EXP_LGBModel_Alpha158_csi300_custom_step0_s_20260427_16,3e124617a26e440eade78ce8f07dec56,0.083,,,
2861,2026-04-27,SZ002236,0.011803443648224382,EXP_LGBModel_Alpha158_csi300_custom_step0_s_20260427_16,3e124617a26e440eade78ce8f07dec56,0.083,,,
2862,2026-04-27,SZ002241,0.014116558709594591,EXP_LGBModel_Alpha158_csi300_custom_step0_s_20260427_16,3e124617a26e440eade78ce8f07dec56,0.083,,,
2863,2026-04-27,SZ002252,-0.01988723490802296,EXP_LGBModel_Alpha158_csi300_custom_step0_s_20260427_16,3e124617a26e440eade78ce8f07dec56,0.083,,,
2864,2026-04-27,SZ002304,-0.002594207349361264,EXP_LGBModel_Alpha158_csi300_custom_step0_s_20260427_16,3e124617a26e440eade78ce8f07dec56,0.083,,,
2865,2026-04-27,SZ002311,-0.011685079260670042,EXP_LGBModel_Alpha158_csi300_custom_step0_s_20260427_16,3e124617a26e440eade78ce8f07dec56,0.083,,,
2866,2026-04-27,SZ002352,-0.0007744319308756754,EXP_LGBModel_Alpha158_csi300_custom_step0_s_20260427_16,3e124617a26e440eade78ce8f07dec56,0.083,,,
2867,2026-04-27,SZ002371,0.00730266290553034,EXP_LGBModel_Alpha158_csi300_custom_step0_s_20260427_16,3e124617a26e440eade78ce8f07dec56,0.083,,,
2868,2026-04-27,SZ002384,0.02657027888164536,EXP_LGBModel_Alpha158_csi300_custom_step0_s_20260427_16,3e124617a26e440eade78ce8f07dec56,0.083,,,
2869,2026-04-27,SZ002415,0.007299967989559199,EXP_LGBModel_Alpha158_csi300_custom_step0_s_20260427_16,3e124617a26e440eade78ce8f07dec56,0.083,,,
2870,2026-04-27,SZ002422,-0.009292353720549422,EXP_LGBModel_Alpha158_csi300_custom_step0_s_20260427_16,3e124617a26e440eade78ce8f07dec56,0.083,,,
2871,2026-04-27,SZ002179,0.009999726576544363,EXP_LGBModel_Alpha158_csi300_custom_step0_s_20260427_16,3e124617a26e440eade78ce8f07dec56,0.083,,,
2872,2026-04-27,SZ002459,0.001869747776908019,EXP_LGBModel_Alpha158_csi300_custom_step0_s_20260427_16,3e124617a26e440eade78ce8f07dec56,0.083,,,
2873,2026-04-27,SZ002463,0.02657027888164536,EXP_LGBModel_Alpha158_csi300_custom_step0_s_20260427_16,3e124617a26e440eade78ce8f07dec56,0.083,,,
2874,2026-04-27,SZ002466,0.02657027888164536,EXP_LGBModel_Alpha158_csi300_custom_step0_s_20260427_16,3e124617a26e440eade78ce8f07dec56,0.083,,,
2875,2026-04-27,SZ002475,0.02657027888164536,EXP_LGBModel_Alpha158_csi300_custom_step0_s_20260427_16,3e124617a26e440eade78ce8f07dec56,0.083,,,
2876,2026-04-27,SZ002493,0.002155908182150342,EXP_LGBModel_Alpha158_csi300_custom_step0_s_20260427_16,3e124617a26e440eade78ce8f07dec56,0.083,,,
2877,2026-04-27,SZ002594,-0.011685079260670042,EXP_LGBModel_Alpha158_csi300_custom_step0_s_20260427_16,3e124617a26e440eade78ce8f07dec56,0.083,,,
2878,2026-04-27,SZ002600,-0.0015085952982836384,EXP_LGBModel_Alpha158_csi300_custom_step0_s_20260427_16,3e124617a26e440eade78ce8f07dec56,0.083,,,
2879,2026-04-27,SZ002601,-0.0007744319308756754,EXP_LGBModel_Alpha158_csi300_custom_step0_s_20260427_16,3e124617a26e440eade78ce8f07dec56,0.083,,,
2880,2026-04-27,SZ002625,-0.016418644810203064,EXP_LGBModel_Alpha158_csi300_custom_step0_s_20260427_16,3e124617a26e440eade78ce8f07dec56,0.083,,,
2881,2026-04-27,SZ002648,0.017209824275817014,EXP_LGBModel_Alpha158_csi300_custom_step0_s_20260427_16,3e124617a26e440eade78ce8f07dec56,0.083,,,
2882,2026-04-27,SZ002709,0.011843357124454498,EXP_LGBModel_Alpha158_csi300_custom_step0_s_20260427_16,3e124617a26e440eade78ce8f07dec56,0.083,,,
2883,2026-04-27,SZ002714,-0.01988723490802296,EXP_LGBModel_Alpha158_csi300_custom_step0_s_20260427_16,3e124617a26e440eade78ce8f07dec56,0.083,,,
2884,2026-04-27,SZ002460,0.04355668421373401,EXP_LGBModel_Alpha158_csi300_custom_step0_s_20260427_16,3e124617a26e440eade78ce8f07dec56,0.083,,,
2885,2026-04-27,SZ000630,0.011563138086019649,EXP_LGBModel_Alpha158_csi300_custom_step0_s_20260427_16,3e124617a26e440eade78ce8f07dec56,0.083,,,
2886,2026-04-27,SZ002142,-0.004531963849425514,EXP_LGBModel_Alpha158_csi300_custom_step0_s_20260427_16,3e124617a26e440eade78ce8f07dec56,0.083,,,
2887,2026-04-27,SZ002050,0.014116558709594591,EXP_LGBModel_Alpha158_csi300_custom_step0_s_20260427_16,3e124617a26e440eade78ce8f07dec56,0.083,,,
2888,2026-04-27,SZ000661,-0.017272986932877068,EXP_LGBModel_Alpha158_csi300_custom_step0_s_20260427_16,3e124617a26e440eade78ce8f07dec56,0.083,,,
2889,2026-04-27,SZ000708,0.00015457740367747638,EXP_LGBModel_Alpha158_csi300_custom_step0_s_20260427_16,3e124617a26e440eade78ce8f07dec56,0.083,,,
2890,2026-04-27,SZ000725,0.0055855195442154615,EXP_LGBModel_Alpha158_csi300_custom_step0_s_20260427_16,3e124617a26e440eade78ce8f07dec56,0.083,,,
2891,2026-04-27,SZ000768,-0.0018197768617488044,EXP_LGBModel_Alpha158_csi300_custom_step0_s_20260427_16,3e124617a26e440eade78ce8f07dec56,0.083,,,
2892,2026-04-27,SZ000776,0.004709328805725283,EXP_LGBModel_Alpha158_csi300_custom_step0_s_20260427_16,3e124617a26e440eade78ce8f07dec56,0.083,,,
2893,2026-04-27,SZ000786,-0.0016651980148081125,EXP_LGBModel_Alpha158_csi300_custom_step0_s_20260427_16,3e124617a26e440eade78ce8f07dec56,0.083,,,
2894,2026-04-27,SZ000792,0.013999266749868055,EXP_LGBModel_Alpha158_csi300_custom_step0_s_20260427_16,3e124617a26e440eade78ce8f07dec56,0.083,,,
2895,2026-04-27,SZ000807,0.02657027888164536,EXP_LGBModel_Alpha158_csi300_custom_step0_s_20260427_16,3e124617a26e440eade78ce8f07dec56,0.083,,,
2896,2026-04-27,SZ000858,-0.01988723490802296,EXP_LGBModel_Alpha158_csi300_custom_step0_s_20260427_16,3e124617a26e440eade78ce8f07dec56,0.083,,,
2897,2026-04-27,SZ000876,-0.002594207349361264,EXP_LGBModel_Alpha158_csi300_custom_step0_s_20260427_16,3e124617a26e440eade78ce8f07dec56,0.083,,,
2898,2026-04-27,SZ000895,0.00021399541437865186,EXP_LGBModel_Alpha158_csi300_custom_step0_s_20260427_16,3e124617a26e440eade78ce8f07dec56,0.083,,,
2899,2026-04-27,SZ002074,0.0026026961824752127,EXP_LGBModel_Alpha158_csi300_custom_step0_s_20260427_16,3e124617a26e440eade78ce8f07dec56,0.083,,,
2900,2026-04-27,SZ000938,0.007226491900572583,EXP_LGBModel_Alpha158_csi300_custom_step0_s_20260427_16,3e124617a26e440eade78ce8f07dec56,0.083,,,
2901,2026-04-27,SZ000975,-1.44326321557998e-09,EXP_LGBModel_Alpha158_csi300_custom_step0_s_20260427_16,3e124617a26e440eade78ce8f07dec56,0.083,,,
2902,2026-04-27,SZ000977,0.020210318615694712,EXP_LGBModel_Alpha158_csi300_custom_step0_s_20260427_16,3e124617a26e440eade78ce8f07dec56,0.083,,,
2903,2026-04-27,SZ000983,-1.44326321557998e-09,EXP_LGBModel_Alpha158_csi300_custom_step0_s_20260427_16,3e124617a26e440eade78ce8f07dec56,0.083,,,
2904,2026-04-27,SZ000999,-0.006082839516229,EXP_LGBModel_Alpha158_csi300_custom_step0_s_20260427_16,3e124617a26e440eade78ce8f07dec56,0.083,,,
2905,2026-04-27,SZ001391,-1.44326321557998e-09,EXP_LGBModel_Alpha158_csi300_custom_step0_s_20260427_16,3e124617a26e440eade78ce8f07dec56,0.083,,,
2906,2026-04-27,SZ001965,-1.44326321557998e-09,EXP_LGBModel_Alpha158_csi300_custom_step0_s_20260427_16,3e124617a26e440eade78ce8f07dec56,0.083,,,
2907,2026-04-27,SZ001979,0.0007918210340248365,EXP_LGBModel_Alpha158_csi300_custom_step0_s_20260427_16,3e124617a26e440eade78ce8f07dec56,0.083,,,
2908,2026-04-27,SZ002001,-0.006160531406154744,EXP_LGBModel_Alpha158_csi300_custom_step0_s_20260427_16,3e124617a26e440eade78ce8f07dec56,0.083,,,
2909,2026-04-27,SZ002027,-0.0018197768617488044,EXP_LGBModel_Alpha158_csi300_custom_step0_s_20260427_16,3e124617a26e440eade78ce8f07dec56,0.083,,,
2910,2026-04-27,SZ002028,-0.011607293852029476,EXP_LGBModel_Alpha158_csi300_custom_step0_s_20260427_16,3e124617a26e440eade78ce8f07dec56,0.083,,,
2911,2026-04-27,SZ002049,0.007022443867095491,EXP_LGBModel_Alpha158_csi300_custom_step0_s_20260427_16,3e124617a26e440eade78ce8f07dec56,0.083,,,
2912,2026-04-27,SZ000963,-0.01988723490802296,EXP_LGBModel_Alpha158_csi300_custom_step0_s_20260427_16,3e124617a26e440eade78ce8f07dec56,0.083,,,
2913,2026-04-27,SH600905,0.051524682843261595,EXP_DEnsembleModel_Alpha158_csi300_custom_step0_s_20260427_14,b03ff0b5e410474682dd4e8f09c3bedd,0.15,,,
2914,2026-04-27,SH600918,0.04575841898846472,EXP_DEnsembleModel_Alpha158_csi300_custom_step0_s_20260427_14,b03ff0b5e410474682dd4e8f09c3bedd,0.15,,,
2915,2026-04-27,SH600919,0.09938373105244983,EXP_DEnsembleModel_Alpha158_csi300_custom_step0_s_20260427_14,b03ff0b5e410474682dd4e8f09c3bedd,0.15,,,
2916,2026-04-27,SZ000895,0.1237673987453574,EXP_DEnsembleModel_Alpha158_csi300_custom_step0_s_20260427_14,b03ff0b5e410474682dd4e8f09c3bedd,0.15,,,
2917,2026-04-27,SZ000938,-0.0019478002189425392,EXP_DEnsembleModel_Alpha158_csi300_custom_step0_s_20260427_14,b03ff0b5e410474682dd4e8f09c3bedd,0.15,,,
2918,2026-04-27,SZ000963,-0.03653913108072302,EXP_DEnsembleModel_Alpha158_csi300_custom_step0_s_20260427_14,b03ff0b5e410474682dd4e8f09c3bedd,0.15,,,
2919,2026-04-27,SZ000975,-0.1458236903311737,EXP_DEnsembleModel_Alpha158_csi300_custom_step0_s_20260427_14,b03ff0b5e410474682dd4e8f09c3bedd,0.15,,,
2920,2026-04-27,SZ000977,-0.007010573902663367,EXP_DEnsembleModel_Alpha158_csi300_custom_step0_s_20260427_14,b03ff0b5e410474682dd4e8f09c3bedd,0.15,,,
2921,2026-04-27,SZ000983,0.022170629940603873,EXP_DEnsembleModel_Alpha158_csi300_custom_step0_s_20260427_14,b03ff0b5e410474682dd4e8f09c3bedd,0.15,,,
2922,2026-04-27,SZ000999,-0.11345666463125044,EXP_DEnsembleModel_Alpha158_csi300_custom_step0_s_20260427_14,b03ff0b5e410474682dd4e8f09c3bedd,0.15,,,
2923,2026-04-27,SZ001391,0.033483068041277694,EXP_DEnsembleModel_Alpha158_csi300_custom_step0_s_20260427_14,b03ff0b5e410474682dd4e8f09c3bedd,0.15,,,
2924,2026-04-27,SZ001965,-0.0041307551617995155,EXP_DEnsembleModel_Alpha158_csi300_custom_step0_s_20260427_14,b03ff0b5e410474682dd4e8f09c3bedd,0.15,,,
2925,2026-04-27,SZ001979,-0.051100986985927084,EXP_DEnsembleModel_Alpha158_csi300_custom_step0_s_20260427_14,b03ff0b5e410474682dd4e8f09c3bedd,0.15,,,
2926,2026-04-27,SZ002001,-0.01332080071350674,EXP_DEnsembleModel_Alpha158_csi300_custom_step0_s_20260427_14,b03ff0b5e410474682dd4e8f09c3bedd,0.15,,,
2927,2026-04-27,SZ000876,-0.009194865985162939,EXP_DEnsembleModel_Alpha158_csi300_custom_step0_s_20260427_14,b03ff0b5e410474682dd4e8f09c3bedd,0.15,,,
2928,2026-04-27,SZ002027,-0.0028003766302380027,EXP_DEnsembleModel_Alpha158_csi300_custom_step0_s_20260427_14,b03ff0b5e410474682dd4e8f09c3bedd,0.15,,,
2929,2026-04-27,SZ002049,0.001249842063157395,EXP_DEnsembleModel_Alpha158_csi300_custom_step0_s_20260427_14,b03ff0b5e410474682dd4e8f09c3bedd,0.15,,,
2930,2026-04-27,SZ002050,-0.049418504119134433,EXP_DEnsembleModel_Alpha158_csi300_custom_step0_s_20260427_14,b03ff0b5e410474682dd4e8f09c3bedd,0.15,,,
2931,2026-04-27,SZ002074,-0.002424124354463285,EXP_DEnsembleModel_Alpha158_csi300_custom_step0_s_20260427_14,b03ff0b5e410474682dd4e8f09c3bedd,0.15,,,
2932,2026-04-27,SZ002142,0.0694137842862642,EXP_DEnsembleModel_Alpha158_csi300_custom_step0_s_20260427_14,b03ff0b5e410474682dd4e8f09c3bedd,0.15,,,
2933,2026-04-27,SZ002179,0.0438686576918903,EXP_DEnsembleModel_Alpha158_csi300_custom_step0_s_20260427_14,b03ff0b5e410474682dd4e8f09c3bedd,0.15,,,
2934,2026-04-27,SZ002230,-0.03214942933628557,EXP_DEnsembleModel_Alpha158_csi300_custom_step0_s_20260427_14,b03ff0b5e410474682dd4e8f09c3bedd,0.15,,,
2935,2026-04-27,SZ002236,-0.05295554600075895,EXP_DEnsembleModel_Alpha158_csi300_custom_step0_s_20260427_14,b03ff0b5e410474682dd4e8f09c3bedd,0.15,,,
2936,2026-04-27,SZ002241,-0.00047577719384765254,EXP_DEnsembleModel_Alpha158_csi300_custom_step0_s_20260427_14,b03ff0b5e410474682dd4e8f09c3bedd,0.15,,,
2937,2026-04-27,SZ002252,0.03317997311061207,EXP_DEnsembleModel_Alpha158_csi300_custom_step0_s_20260427_14,b03ff0b5e410474682dd4e8f09c3bedd,0.15,,,
2938,2026-04-27,SZ002304,0.06258350204676219,EXP_DEnsembleModel_Alpha158_csi300_custom_step0_s_20260427_14,b03ff0b5e410474682dd4e8f09c3bedd,0.15,,,
2939,2026-04-27,SZ002311,0.02118178183890267,EXP_DEnsembleModel_Alpha158_csi300_custom_step0_s_20260427_14,b03ff0b5e410474682dd4e8f09c3bedd,0.15,,,
2940,2026-04-27,SZ002028,-0.12197397129077925,EXP_DEnsembleModel_Alpha158_csi300_custom_step0_s_20260427_14,b03ff0b5e410474682dd4e8f09c3bedd,0.15,,,
2941,2026-04-27,SZ002352,0.031112613122808008,EXP_DEnsembleModel_Alpha158_csi300_custom_step0_s_20260427_14,b03ff0b5e410474682dd4e8f09c3bedd,0.15,,,
2942,2026-04-27,SZ000858,0.021002741947932776,EXP_DEnsembleModel_Alpha158_csi300_custom_step0_s_20260427_14,b03ff0b5e410474682dd4e8f09c3bedd,0.15,,,
2943,2026-04-27,SZ000792,-0.1509393523799518,EXP_DEnsembleModel_Alpha158_csi300_custom_step0_s_20260427_14,b03ff0b5e410474682dd4e8f09c3bedd,0.15,,,
2944,2026-04-27,SZ000001,0.02136470375506292,EXP_DEnsembleModel_Alpha158_csi300_custom_step0_s_20260427_14,b03ff0b5e410474682dd4e8f09c3bedd,0.15,,,
2945,2026-04-27,SZ000002,-0.10709996850361282,EXP_DEnsembleModel_Alpha158_csi300_custom_step0_s_20260427_14,b03ff0b5e410474682dd4e8f09c3bedd,0.15,,,
2946,2026-04-27,SZ000063,0.059739328296658824,EXP_DEnsembleModel_Alpha158_csi300_custom_step0_s_20260427_14,b03ff0b5e410474682dd4e8f09c3bedd,0.15,,,
2947,2026-04-27,SZ000100,-0.04881613495669573,EXP_DEnsembleModel_Alpha158_csi300_custom_step0_s_20260427_14,b03ff0b5e410474682dd4e8f09c3bedd,0.15,,,
2948,2026-04-27,SZ000157,-0.05595930798607845,EXP_DEnsembleModel_Alpha158_csi300_custom_step0_s_20260427_14,b03ff0b5e410474682dd4e8f09c3bedd,0.15,,,
2949,2026-04-27,SZ000166,0.05148501648963441,EXP_DEnsembleModel_Alpha158_csi300_custom_step0_s_20260427_14,b03ff0b5e410474682dd4e8f09c3bedd,0.15,,,
2950,2026-04-27,SZ000301,-0.14192956405929102,EXP_DEnsembleModel_Alpha158_csi300_custom_step0_s_20260427_14,b03ff0b5e410474682dd4e8f09c3bedd,0.15,,,
2951,2026-04-27,SZ000333,0.0980831612558883,EXP_DEnsembleModel_Alpha158_csi300_custom_step0_s_20260427_14,b03ff0b5e410474682dd4e8f09c3bedd,0.15,,,
2952,2026-04-27,SZ000338,-0.11238615688364248,EXP_DEnsembleModel_Alpha158_csi300_custom_step0_s_20260427_14,b03ff0b5e410474682dd4e8f09c3bedd,0.15,,,
2953,2026-04-27,SZ000408,-0.07281008076965544,EXP_DEnsembleModel_Alpha158_csi300_custom_step0_s_20260427_14,b03ff0b5e410474682dd4e8f09c3bedd,0.15,,,
2954,2026-04-27,SZ000425,-0.053639181942181084,EXP_DEnsembleModel_Alpha158_csi300_custom_step0_s_20260427_14,b03ff0b5e410474682dd4e8f09c3bedd,0.15,,,
2955,2026-04-27,SZ000807,-0.057343543315189136,EXP_DEnsembleModel_Alpha158_csi300_custom_step0_s_20260427_14,b03ff0b5e410474682dd4e8f09c3bedd,0.15,,,
2956,2026-04-27,SZ000538,0.05646796109015567,EXP_DEnsembleModel_Alpha158_csi300_custom_step0_s_20260427_14,b03ff0b5e410474682dd4e8f09c3bedd,0.15,,,
2957,2026-04-27,SZ000596,-0.08020341033931207,EXP_DEnsembleModel_Alpha158_csi300_custom_step0_s_20260427_14,b03ff0b5e410474682dd4e8f09c3bedd,0.15,,,
2958,2026-04-27,SZ000617,-0.05753719165418935,EXP_DEnsembleModel_Alpha158_csi300_custom_step0_s_20260427_14,b03ff0b5e410474682dd4e8f09c3bedd,0.15,,,
2959,2026-04-27,SZ000625,0.0865430940033745,EXP_DEnsembleModel_Alpha158_csi300_custom_step0_s_20260427_14,b03ff0b5e410474682dd4e8f09c3bedd,0.15,,,
2960,2026-04-27,SZ000630,-0.026027844036454115,EXP_DEnsembleModel_Alpha158_csi300_custom_step0_s_20260427_14,b03ff0b5e410474682dd4e8f09c3bedd,0.15,,,
2961,2026-04-27,SZ000651,0.0472601059467375,EXP_DEnsembleModel_Alpha158_csi300_custom_step0_s_20260427_14,b03ff0b5e410474682dd4e8f09c3bedd,0.15,,,
2962,2026-04-27,SZ000661,-0.04434854427950512,EXP_DEnsembleModel_Alpha158_csi300_custom_step0_s_20260427_14,b03ff0b5e410474682dd4e8f09c3bedd,0.15,,,
2963,2026-04-27,SZ000708,-0.09566414317347076,EXP_DEnsembleModel_Alpha158_csi300_custom_step0_s_20260427_14,b03ff0b5e410474682dd4e8f09c3bedd,0.15,,,
2964,2026-04-27,SZ000725,-0.061442750852767326,EXP_DEnsembleModel_Alpha158_csi300_custom_step0_s_20260427_14,b03ff0b5e410474682dd4e8f09c3bedd,0.15,,,
2965,2026-04-27,SZ000768,-0.023314452238444836,EXP_DEnsembleModel_Alpha158_csi300_custom_step0_s_20260427_14,b03ff0b5e410474682dd4e8f09c3bedd,0.15,,,
2966,2026-04-27,SZ000776,0.10016319992873073,EXP_DEnsembleModel_Alpha158_csi300_custom_step0_s_20260427_14,b03ff0b5e410474682dd4e8f09c3bedd,0.15,,,
2967,2026-04-27,SZ000786,-0.03502338939091844,EXP_DEnsembleModel_Alpha158_csi300_custom_step0_s_20260427_14,b03ff0b5e410474682dd4e8f09c3bedd,0.15,,,
2968,2026-04-27,SZ000568,0.024477670928862827,EXP_DEnsembleModel_Alpha158_csi300_custom_step0_s_20260427_14,b03ff0b5e410474682dd4e8f09c3bedd,0.15,,,
2969,2026-04-27,SH688981,-0.07431639667436701,EXP_DEnsembleModel_Alpha158_csi300_custom_step0_s_20260427_14,b03ff0b5e410474682dd4e8f09c3bedd,0.15,,,
2970,2026-04-27,SZ002371,0.11955768785856771,EXP_DEnsembleModel_Alpha158_csi300_custom_step0_s_20260427_14,b03ff0b5e410474682dd4e8f09c3bedd,0.15,,,
2971,2026-04-27,SZ002415,0.0182507423565993,EXP_DEnsembleModel_Alpha158_csi300_custom_step0_s_20260427_14,b03ff0b5e410474682dd4e8f09c3bedd,0.15,,,
2972,2026-04-27,SZ300316,-0.1443220317960239,EXP_DEnsembleModel_Alpha158_csi300_custom_step0_s_20260427_14,b03ff0b5e410474682dd4e8f09c3bedd,0.15,,,
2973,2026-04-27,SZ300347,-0.2023560538050373,EXP_DEnsembleModel_Alpha158_csi300_custom_step0_s_20260427_14,b03ff0b5e410474682dd4e8f09c3bedd,0.15,,,
2974,2026-04-27,SZ300394,-0.014950588139966593,EXP_DEnsembleModel_Alpha158_csi300_custom_step0_s_20260427_14,b03ff0b5e410474682dd4e8f09c3bedd,0.15,,,
2975,2026-04-27,SZ300408,-0.019190817787275567,EXP_DEnsembleModel_Alpha158_csi300_custom_step0_s_20260427_14,b03ff0b5e410474682dd4e8f09c3bedd,0.15,,,
2976,2026-04-27,SZ300413,0.02908308592702109,EXP_DEnsembleModel_Alpha158_csi300_custom_step0_s_20260427_14,b03ff0b5e410474682dd4e8f09c3bedd,0.15,,,
2977,2026-04-27,SZ300418,-0.04110688377364348,EXP_DEnsembleModel_Alpha158_csi300_custom_step0_s_20260427_14,b03ff0b5e410474682dd4e8f09c3bedd,0.15,,,
2978,2026-04-27,SZ300433,0.010540599160081529,EXP_DEnsembleModel_Alpha158_csi300_custom_step0_s_20260427_14,b03ff0b5e410474682dd4e8f09c3bedd,0.15,,,
2979,2026-04-27,SZ300442,-0.09847127960524071,EXP_DEnsembleModel_Alpha158_csi300_custom_step0_s_20260427_14,b03ff0b5e410474682dd4e8f09c3bedd,0.15,,,
2980,2026-04-27,SZ300476,0.10976429972816995,EXP_DEnsembleModel_Alpha158_csi300_custom_step0_s_20260427_14,b03ff0b5e410474682dd4e8f09c3bedd,0.15,,,
2981,2026-04-27,SZ300498,-0.07845442829916056,EXP_DEnsembleModel_Alpha158_csi300_custom_step0_s_20260427_14,b03ff0b5e410474682dd4e8f09c3bedd,0.15,,,
2982,2026-04-27,SZ300502,0.27209761022341733,EXP_DEnsembleModel_Alpha158_csi300_custom_step0_s_20260427_14,b03ff0b5e410474682dd4e8f09c3bedd,0.15,,,
2983,2026-04-27,SZ300308,0.14885589396821164,EXP_DEnsembleModel_Alpha158_csi300_custom_step0_s_20260427_14,b03ff0b5e410474682dd4e8f09c3bedd,0.15,,,
2984,2026-04-27,SZ300628,0.07110996949763045,EXP_DEnsembleModel_Alpha158_csi300_custom_step0_s_20260427_14,b03ff0b5e410474682dd4e8f09c3bedd,0.15,,,
2985,2026-04-27,SZ300750,0.03520505923751032,EXP_DEnsembleModel_Alpha158_csi300_custom_step0_s_20260427_14,b03ff0b5e410474682dd4e8f09c3bedd,0.15,,,
2986,2026-04-27,SZ300759,-0.005151442635531657,EXP_DEnsembleModel_Alpha158_csi300_custom_step0_s_20260427_14,b03ff0b5e410474682dd4e8f09c3bedd,0.15,,,
2987,2026-04-27,SZ300760,0.02061312192794539,EXP_DEnsembleModel_Alpha158_csi300_custom_step0_s_20260427_14,b03ff0b5e410474682dd4e8f09c3bedd,0.15,,,
2988,2026-04-27,SZ300782,0.20667404388550356,EXP_DEnsembleModel_Alpha158_csi300_custom_step0_s_20260427_14,b03ff0b5e410474682dd4e8f09c3bedd,0.15,,,
2989,2026-04-27,SZ300803,-0.1233341071643002,EXP_DEnsembleModel_Alpha158_csi300_custom_step0_s_20260427_14,b03ff0b5e410474682dd4e8f09c3bedd,0.15,,,
2990,2026-04-27,SZ300832,-0.11119872656333224,EXP_DEnsembleModel_Alpha158_csi300_custom_step0_s_20260427_14,b03ff0b5e410474682dd4e8f09c3bedd,0.15,,,
2991,2026-04-27,SZ300866,-0.06919409477516976,EXP_DEnsembleModel_Alpha158_csi300_custom_step0_s_20260427_14,b03ff0b5e410474682dd4e8f09c3bedd,0.15,,,
2992,2026-04-27,SZ300896,-0.08005349146522847,EXP_DEnsembleModel_Alpha158_csi300_custom_step0_s_20260427_14,b03ff0b5e410474682dd4e8f09c3bedd,0.15,,,
2993,2026-04-27,SZ300979,0.03232997453140022,EXP_DEnsembleModel_Alpha158_csi300_custom_step0_s_20260427_14,b03ff0b5e410474682dd4e8f09c3bedd,0.15,,,
2994,2026-04-27,SZ300999,-0.022874463990764326,EXP_DEnsembleModel_Alpha158_csi300_custom_step0_s_20260427_14,b03ff0b5e410474682dd4e8f09c3bedd,0.15,,,
2995,2026-04-27,SZ301236,-0.14094403310909603,EXP_DEnsembleModel_Alpha158_csi300_custom_step0_s_20260427_14,b03ff0b5e410474682dd4e8f09c3bedd,0.15,,,
2996,2026-04-27,SZ300661,-0.027659986131639117,EXP_DEnsembleModel_Alpha158_csi300_custom_step0_s_20260427_14,b03ff0b5e410474682dd4e8f09c3bedd,0.15,,,
2997,2026-04-27,SZ002384,-0.19415918215379177,EXP_DEnsembleModel_Alpha158_csi300_custom_step0_s_20260427_14,b03ff0b5e410474682dd4e8f09c3bedd,0.15,,,
2998,2026-04-27,SZ300274,0.21477044218583355,EXP_DEnsembleModel_Alpha158_csi300_custom_step0_s_20260427_14,b03ff0b5e410474682dd4e8f09c3bedd,0.15,,,
2999,2026-04-27,SZ300124,-0.002436951320145437,EXP_DEnsembleModel_Alpha158_csi300_custom_step0_s_20260427_14,b03ff0b5e410474682dd4e8f09c3bedd,0.15,,,
3000,2026-04-27,SZ002422,-0.08505592013597828,EXP_DEnsembleModel_Alpha158_csi300_custom_step0_s_20260427_14,b03ff0b5e410474682dd4e8f09c3bedd,0.15,,,
3001,2026-04-27,SZ002459,0.04787844572839551,EXP_DEnsembleModel_Alpha158_csi300_custom_step0_s_20260427_14,b03ff0b5e410474682dd4e8f09c3bedd,0.15,,,
3002,2026-04-27,SZ002460,-0.08821436737870379,EXP_DEnsembleModel_Alpha158_csi300_custom_step0_s_20260427_14,b03ff0b5e410474682dd4e8f09c3bedd,0.15,,,
3003,2026-04-27,SZ002463,-0.05548638440234684,EXP_DEnsembleModel_Alpha158_csi300_custom_step0_s_20260427_14,b03ff0b5e410474682dd4e8f09c3bedd,0.15,,,
3004,2026-04-27,SZ002466,0.0015547297802874767,EXP_DEnsembleModel_Alpha158_csi300_custom_step0_s_20260427_14,b03ff0b5e410474682dd4e8f09c3bedd,0.15,,,
3005,2026-04-27,SZ002475,-0.18262656620233184,EXP_DEnsembleModel_Alpha158_csi300_custom_step0_s_20260427_14,b03ff0b5e410474682dd4e8f09c3bedd,0.15,,,
3006,2026-04-27,SZ002493,-0.10941101446587077,EXP_DEnsembleModel_Alpha158_csi300_custom_step0_s_20260427_14,b03ff0b5e410474682dd4e8f09c3bedd,0.15,,,
3007,2026-04-27,SZ002594,-0.05156531481214531,EXP_DEnsembleModel_Alpha158_csi300_custom_step0_s_20260427_14,b03ff0b5e410474682dd4e8f09c3bedd,0.15,,,
3008,2026-04-27,SZ002600,-0.04881392412056942,EXP_DEnsembleModel_Alpha158_csi300_custom_step0_s_20260427_14,b03ff0b5e410474682dd4e8f09c3bedd,0.15,,,
3009,2026-04-27,SZ002601,-0.039773841579325245,EXP_DEnsembleModel_Alpha158_csi300_custom_step0_s_20260427_14,b03ff0b5e410474682dd4e8f09c3bedd,0.15,,,
3010,2026-04-27,SZ002625,-0.08891613038735385,EXP_DEnsembleModel_Alpha158_csi300_custom_step0_s_20260427_14,b03ff0b5e410474682dd4e8f09c3bedd,0.15,,,
3011,2026-04-27,SZ300251,-0.0723201734471195,EXP_DEnsembleModel_Alpha158_csi300_custom_step0_s_20260427_14,b03ff0b5e410474682dd4e8f09c3bedd,0.15,,,
3012,2026-04-27,SZ002648,-0.07761325236320223,EXP_DEnsembleModel_Alpha158_csi300_custom_step0_s_20260427_14,b03ff0b5e410474682dd4e8f09c3bedd,0.15,,,
3013,2026-04-27,SZ002714,-0.05837748654521513,EXP_DEnsembleModel_Alpha158_csi300_custom_step0_s_20260427_14,b03ff0b5e410474682dd4e8f09c3bedd,0.15,,,
3014,2026-04-27,SZ002736,-0.08211293437282219,EXP_DEnsembleModel_Alpha158_csi300_custom_step0_s_20260427_14,b03ff0b5e410474682dd4e8f09c3bedd,0.15,,,
3015,2026-04-27,SZ002916,-0.05488425751164679,EXP_DEnsembleModel_Alpha158_csi300_custom_step0_s_20260427_14,b03ff0b5e410474682dd4e8f09c3bedd,0.15,,,
3016,2026-04-27,SZ002920,-0.12572637966722594,EXP_DEnsembleModel_Alpha158_csi300_custom_step0_s_20260427_14,b03ff0b5e410474682dd4e8f09c3bedd,0.15,,,
3017,2026-04-27,SZ002938,-0.2608347762250852,EXP_DEnsembleModel_Alpha158_csi300_custom_step0_s_20260427_14,b03ff0b5e410474682dd4e8f09c3bedd,0.15,,,
3018,2026-04-27,SZ003816,-0.06397891658956087,EXP_DEnsembleModel_Alpha158_csi300_custom_step0_s_20260427_14,b03ff0b5e410474682dd4e8f09c3bedd,0.15,,,
3019,2026-04-27,SZ300014,-0.028831980602425072,EXP_DEnsembleModel_Alpha158_csi300_custom_step0_s_20260427_14,b03ff0b5e410474682dd4e8f09c3bedd,0.15,,,
3020,2026-04-27,SZ300015,0.02407457825438841,EXP_DEnsembleModel_Alpha158_csi300_custom_step0_s_20260427_14,b03ff0b5e410474682dd4e8f09c3bedd,0.15,,,
3021,2026-04-27,SZ300033,-0.0407619558555198,EXP_DEnsembleModel_Alpha158_csi300_custom_step0_s_20260427_14,b03ff0b5e410474682dd4e8f09c3bedd,0.15,,,
3022,2026-04-27,SZ300059,-0.050491187396419876,EXP_DEnsembleModel_Alpha158_csi300_custom_step0_s_20260427_14,b03ff0b5e410474682dd4e8f09c3bedd,0.15,,,
3023,2026-04-27,SZ300122,-0.17065288143132146,EXP_DEnsembleModel_Alpha158_csi300_custom_step0_s_20260427_14,b03ff0b5e410474682dd4e8f09c3bedd,0.15,,,
3024,2026-04-27,SZ002709,-0.07679608124514908,EXP_DEnsembleModel_Alpha158_csi300_custom_step0_s_20260427_14,b03ff0b5e410474682dd4e8f09c3bedd,0.15,,,
3025,2026-04-27,SH688506,-0.131919346644862,EXP_DEnsembleModel_Alpha158_csi300_custom_step0_s_20260427_14,b03ff0b5e410474682dd4e8f09c3bedd,0.15,,,
3026,2026-04-27,SH688472,0.013975386219433651,EXP_DEnsembleModel_Alpha158_csi300_custom_step0_s_20260427_14,b03ff0b5e410474682dd4e8f09c3bedd,0.15,,,
3027,2026-04-27,SH688396,-0.017990686477681893,EXP_DEnsembleModel_Alpha158_csi300_custom_step0_s_20260427_14,b03ff0b5e410474682dd4e8f09c3bedd,0.15,,,
3028,2026-04-27,SH601236,0.06350435093876128,EXP_DEnsembleModel_Alpha158_csi300_custom_step0_s_20260427_14,b03ff0b5e410474682dd4e8f09c3bedd,0.15,,,
3029,2026-04-27,SH601238,-0.01805793783526603,EXP_DEnsembleModel_Alpha158_csi300_custom_step0_s_20260427_14,b03ff0b5e410474682dd4e8f09c3bedd,0.15,,,
3030,2026-04-27,SH601288,0.0004014029710261401,EXP_DEnsembleModel_Alpha158_csi300_custom_step0_s_20260427_14,b03ff0b5e410474682dd4e8f09c3bedd,0.15,,,
3031,2026-04-27,SH601298,0.0731678055134564,EXP_DEnsembleModel_Alpha158_csi300_custom_step0_s_20260427_14,b03ff0b5e410474682dd4e8f09c3bedd,0.15,,,
3032,2026-04-27,SH601318,0.049965231277221384,EXP_DEnsembleModel_Alpha158_csi300_custom_step0_s_20260427_14,b03ff0b5e410474682dd4e8f09c3bedd,0.15,,,
3033,2026-04-27,SH601319,0.03308019473169116,EXP_DEnsembleModel_Alpha158_csi300_custom_step0_s_20260427_14,b03ff0b5e410474682dd4e8f09c3bedd,0.15,,,
3034,2026-04-27,SH601328,0.09620118828387979,EXP_DEnsembleModel_Alpha158_csi300_custom_step0_s_20260427_14,b03ff0b5e410474682dd4e8f09c3bedd,0.15,,,
3035,2026-04-27,SH601336,-0.003233720120418513,EXP_DEnsembleModel_Alpha158_csi300_custom_step0_s_20260427_14,b03ff0b5e410474682dd4e8f09c3bedd,0.15,,,
3036,2026-04-27,SH601360,-0.047527837681918886,EXP_DEnsembleModel_Alpha158_csi300_custom_step0_s_20260427_14,b03ff0b5e410474682dd4e8f09c3bedd,0.15,,,
3037,2026-04-27,SH601377,0.03305597489219838,EXP_DEnsembleModel_Alpha158_csi300_custom_step0_s_20260427_14,b03ff0b5e410474682dd4e8f09c3bedd,0.15,,,
3038,2026-04-27,SH601390,0.0010952596457450986,EXP_DEnsembleModel_Alpha158_csi300_custom_step0_s_20260427_14,b03ff0b5e410474682dd4e8f09c3bedd,0.15,,,
3039,2026-04-27,SH601229,0.08627605978513649,EXP_DEnsembleModel_Alpha158_csi300_custom_step0_s_20260427_14,b03ff0b5e410474682dd4e8f09c3bedd,0.15,,,
3040,2026-04-27,SH601398,0.09598394732638353,EXP_DEnsembleModel_Alpha158_csi300_custom_step0_s_20260427_14,b03ff0b5e410474682dd4e8f09c3bedd,0.15,,,
3041,2026-04-27,SH601600,-0.10324031529637202,EXP_DEnsembleModel_Alpha158_csi300_custom_step0_s_20260427_14,b03ff0b5e410474682dd4e8f09c3bedd,0.15,,,
3042,2026-04-27,SH601601,-0.009030251151602406,EXP_DEnsembleModel_Alpha158_csi300_custom_step0_s_20260427_14,b03ff0b5e410474682dd4e8f09c3bedd,0.15,,,
3043,2026-04-27,SH601607,0.08513919138785996,EXP_DEnsembleModel_Alpha158_csi300_custom_step0_s_20260427_14,b03ff0b5e410474682dd4e8f09c3bedd,0.15,,,
3044,2026-04-27,SH601618,-0.017209310400695933,EXP_DEnsembleModel_Alpha158_csi300_custom_step0_s_20260427_14,b03ff0b5e410474682dd4e8f09c3bedd,0.15,,,
3045,2026-04-27,SH601628,0.03824622668477241,EXP_DEnsembleModel_Alpha158_csi300_custom_step0_s_20260427_14,b03ff0b5e410474682dd4e8f09c3bedd,0.15,,,
3046,2026-04-27,SH601633,0.006967428717580177,EXP_DEnsembleModel_Alpha158_csi300_custom_step0_s_20260427_14,b03ff0b5e410474682dd4e8f09c3bedd,0.15,,,
3047,2026-04-27,SH601658,0.10838129770851795,EXP_DEnsembleModel_Alpha158_csi300_custom_step0_s_20260427_14,b03ff0b5e410474682dd4e8f09c3bedd,0.15,,,
3048,2026-04-27,SH601668,0.047779479715160944,EXP_DEnsembleModel_Alpha158_csi300_custom_step0_s_20260427_14,b03ff0b5e410474682dd4e8f09c3bedd,0.15,,,
3049,2026-04-27,SH601669,-0.02683146588081885,EXP_DEnsembleModel_Alpha158_csi300_custom_step0_s_20260427_14,b03ff0b5e410474682dd4e8f09c3bedd,0.15,,,
3050,2026-04-27,SH601688,-0.003980870257325368,EXP_DEnsembleModel_Alpha158_csi300_custom_step0_s_20260427_14,b03ff0b5e410474682dd4e8f09c3bedd,0.15,,,
3051,2026-04-27,SH601689,-0.11993288605890422,EXP_DEnsembleModel_Alpha158_csi300_custom_step0_s_20260427_14,b03ff0b5e410474682dd4e8f09c3bedd,0.15,,,
3052,2026-04-27,SH601456,0.11773623483767334,EXP_DEnsembleModel_Alpha158_csi300_custom_step0_s_20260427_14,b03ff0b5e410474682dd4e8f09c3bedd,0.15,,,
3053,2026-04-27,SH601698,-0.06569649555289518,EXP_DEnsembleModel_Alpha158_csi300_custom_step0_s_20260427_14,b03ff0b5e410474682dd4e8f09c3bedd,0.15,,,
3054,2026-04-27,SH601225,-0.0209481113830869,EXP_DEnsembleModel_Alpha158_csi300_custom_step0_s_20260427_14,b03ff0b5e410474682dd4e8f09c3bedd,0.15,,,
3055,2026-04-27,SH601186,0.015193118240421943,EXP_DEnsembleModel_Alpha158_csi300_custom_step0_s_20260427_14,b03ff0b5e410474682dd4e8f09c3bedd,0.15,,,
3056,2026-04-27,SH600926,0.09457203221653378,EXP_DEnsembleModel_Alpha158_csi300_custom_step0_s_20260427_14,b03ff0b5e410474682dd4e8f09c3bedd,0.15,,,
3057,2026-04-27,SH600930,-0.035584735684145385,EXP_DEnsembleModel_Alpha158_csi300_custom_step0_s_20260427_14,b03ff0b5e410474682dd4e8f09c3bedd,0.15,,,
3058,2026-04-27,SH600938,-0.08506267136307037,EXP_DEnsembleModel_Alpha158_csi300_custom_step0_s_20260427_14,b03ff0b5e410474682dd4e8f09c3bedd,0.15,,,
3059,2026-04-27,SH600941,0.11148590551401313,EXP_DEnsembleModel_Alpha158_csi300_custom_step0_s_20260427_14,b03ff0b5e410474682dd4e8f09c3bedd,0.15,,,
3060,2026-04-27,SH600989,-0.12542431318822858,EXP_DEnsembleModel_Alpha158_csi300_custom_step0_s_20260427_14,b03ff0b5e410474682dd4e8f09c3bedd,0.15,,,
3061,2026-04-27,SH600999,0.005201305861584136,EXP_DEnsembleModel_Alpha158_csi300_custom_step0_s_20260427_14,b03ff0b5e410474682dd4e8f09c3bedd,0.15,,,
3062,2026-04-27,SH601006,0.06471199090797558,EXP_DEnsembleModel_Alpha158_csi300_custom_step0_s_20260427_14,b03ff0b5e410474682dd4e8f09c3bedd,0.15,,,
3063,2026-04-27,SH601009,-9.3854032286942e-06,EXP_DEnsembleModel_Alpha158_csi300_custom_step0_s_20260427_14,b03ff0b5e410474682dd4e8f09c3bedd,0.15,,,
3064,2026-04-27,SH601012,0.09029979279295944,EXP_DEnsembleModel_Alpha158_csi300_custom_step0_s_20260427_14,b03ff0b5e410474682dd4e8f09c3bedd,0.15,,,
3065,2026-04-27,SH601018,0.07567543595541815,EXP_DEnsembleModel_Alpha158_csi300_custom_step0_s_20260427_14,b03ff0b5e410474682dd4e8f09c3bedd,0.15,,,
3066,2026-04-27,SH601021,0.012988315046005677,EXP_DEnsembleModel_Alpha158_csi300_custom_step0_s_20260427_14,b03ff0b5e410474682dd4e8f09c3bedd,0.15,,,
3067,2026-04-27,SH601211,0.016105921765684508,EXP_DEnsembleModel_Alpha158_csi300_custom_step0_s_20260427_14,b03ff0b5e410474682dd4e8f09c3bedd,0.15,,,
3068,2026-04-27,SH601058,-0.03948142285829282,EXP_DEnsembleModel_Alpha158_csi300_custom_step0_s_20260427_14,b03ff0b5e410474682dd4e8f09c3bedd,0.15,,,
3069,2026-04-27,SH601066,0.03986488186365967,EXP_DEnsembleModel_Alpha158_csi300_custom_step0_s_20260427_14,b03ff0b5e410474682dd4e8f09c3bedd,0.15,,,
3070,2026-04-27,SH601077,0.08836883138184362,EXP_DEnsembleModel_Alpha158_csi300_custom_step0_s_20260427_14,b03ff0b5e410474682dd4e8f09c3bedd,0.15,,,
3071,2026-04-27,SH601088,0.025943775977217313,EXP_DEnsembleModel_Alpha158_csi300_custom_step0_s_20260427_14,b03ff0b5e410474682dd4e8f09c3bedd,0.15,,,
3072,2026-04-27,SH601100,-0.08076982260776332,EXP_DEnsembleModel_Alpha158_csi300_custom_step0_s_20260427_14,b03ff0b5e410474682dd4e8f09c3bedd,0.15,,,
3073,2026-04-27,SH601111,-0.1257819173100521,EXP_DEnsembleModel_Alpha158_csi300_custom_step0_s_20260427_14,b03ff0b5e410474682dd4e8f09c3bedd,0.15,,,
3074,2026-04-27,SH601117,-0.03743990590785586,EXP_DEnsembleModel_Alpha158_csi300_custom_step0_s_20260427_14,b03ff0b5e410474682dd4e8f09c3bedd,0.15,,,
3075,2026-04-27,SH601127,-0.08909095100834045,EXP_DEnsembleModel_Alpha158_csi300_custom_step0_s_20260427_14,b03ff0b5e410474682dd4e8f09c3bedd,0.15,,,
3076,2026-04-27,SH601136,0.044833460159444484,EXP_DEnsembleModel_Alpha158_csi300_custom_step0_s_20260427_14,b03ff0b5e410474682dd4e8f09c3bedd,0.15,,,
3077,2026-04-27,SH601138,-0.08318218217556295,EXP_DEnsembleModel_Alpha158_csi300_custom_step0_s_20260427_14,b03ff0b5e410474682dd4e8f09c3bedd,0.15,,,
3078,2026-04-27,SH601166,0.03382525340817861,EXP_DEnsembleModel_Alpha158_csi300_custom_step0_s_20260427_14,b03ff0b5e410474682dd4e8f09c3bedd,0.15,,,
3079,2026-04-27,SH601169,0.14830758489716286,EXP_DEnsembleModel_Alpha158_csi300_custom_step0_s_20260427_14,b03ff0b5e410474682dd4e8f09c3bedd,0.15,,,
3080,2026-04-27,SH601059,0.06261986649777959,EXP_DEnsembleModel_Alpha158_csi300_custom_step0_s_20260427_14,b03ff0b5e410474682dd4e8f09c3bedd,0.15,,,
3081,2026-04-27,SH601728,0.044933622741759965,EXP_DEnsembleModel_Alpha158_csi300_custom_step0_s_20260427_14,b03ff0b5e410474682dd4e8f09c3bedd,0.15,,,
3082,2026-04-27,SH601766,-0.03403903139506456,EXP_DEnsembleModel_Alpha158_csi300_custom_step0_s_20260427_14,b03ff0b5e410474682dd4e8f09c3bedd,0.15,,,
3083,2026-04-27,SH601788,-0.045300868222854555,EXP_DEnsembleModel_Alpha158_csi300_custom_step0_s_20260427_14,b03ff0b5e410474682dd4e8f09c3bedd,0.15,,,
3084,2026-04-27,SH603369,-0.010759353622156303,EXP_DEnsembleModel_Alpha158_csi300_custom_step0_s_20260427_14,b03ff0b5e410474682dd4e8f09c3bedd,0.15,,,
3085,2026-04-27,SH603392,-0.011709779498379204,EXP_DEnsembleModel_Alpha158_csi300_custom_step0_s_20260427_14,b03ff0b5e410474682dd4e8f09c3bedd,0.15,,,
3086,2026-04-27,SH603501,0.09210275809036443,EXP_DEnsembleModel_Alpha158_csi300_custom_step0_s_20260427_14,b03ff0b5e410474682dd4e8f09c3bedd,0.15,,,
3087,2026-04-27,SH603799,0.058123484389802756,EXP_DEnsembleModel_Alpha158_csi300_custom_step0_s_20260427_14,b03ff0b5e410474682dd4e8f09c3bedd,0.15,,,
3088,2026-04-27,SH603893,-0.018986181081069597,EXP_DEnsembleModel_Alpha158_csi300_custom_step0_s_20260427_14,b03ff0b5e410474682dd4e8f09c3bedd,0.15,,,
3089,2026-04-27,SH603986,-0.010911488767111474,EXP_DEnsembleModel_Alpha158_csi300_custom_step0_s_20260427_14,b03ff0b5e410474682dd4e8f09c3bedd,0.15,,,
3090,2026-04-27,SH603993,-0.038178437864166664,EXP_DEnsembleModel_Alpha158_csi300_custom_step0_s_20260427_14,b03ff0b5e410474682dd4e8f09c3bedd,0.15,,,
3091,2026-04-27,SH605117,0.07039486052434335,EXP_DEnsembleModel_Alpha158_csi300_custom_step0_s_20260427_14,b03ff0b5e410474682dd4e8f09c3bedd,0.15,,,
3092,2026-04-27,SH605499,-0.04781173461721504,EXP_DEnsembleModel_Alpha158_csi300_custom_step0_s_20260427_14,b03ff0b5e410474682dd4e8f09c3bedd,0.15,,,
3093,2026-04-27,SH688008,-0.12622440699159443,EXP_DEnsembleModel_Alpha158_csi300_custom_step0_s_20260427_14,b03ff0b5e410474682dd4e8f09c3bedd,0.15,,,
3094,2026-04-27,SH688009,0.026651581619041603,EXP_DEnsembleModel_Alpha158_csi300_custom_step0_s_20260427_14,b03ff0b5e410474682dd4e8f09c3bedd,0.15,,,
3095,2026-04-27,SH603296,-0.05891181835157332,EXP_DEnsembleModel_Alpha158_csi300_custom_step0_s_20260427_14,b03ff0b5e410474682dd4e8f09c3bedd,0.15,,,
3096,2026-04-27,SH688012,0.16990274257564375,EXP_DEnsembleModel_Alpha158_csi300_custom_step0_s_20260427_14,b03ff0b5e410474682dd4e8f09c3bedd,0.15,,,
3097,2026-04-27,SH688041,0.053313191185161195,EXP_DEnsembleModel_Alpha158_csi300_custom_step0_s_20260427_14,b03ff0b5e410474682dd4e8f09c3bedd,0.15,,,
3098,2026-04-27,SH688047,-0.00536130697255574,EXP_DEnsembleModel_Alpha158_csi300_custom_step0_s_20260427_14,b03ff0b5e410474682dd4e8f09c3bedd,0.15,,,
3099,2026-04-27,SH688082,0.05755208014587822,EXP_DEnsembleModel_Alpha158_csi300_custom_step0_s_20260427_14,b03ff0b5e410474682dd4e8f09c3bedd,0.15,,,
3100,2026-04-27,SH688111,-0.14609894576484095,EXP_DEnsembleModel_Alpha158_csi300_custom_step0_s_20260427_14,b03ff0b5e410474682dd4e8f09c3bedd,0.15,,,
3101,2026-04-27,SH688126,0.011674065915909802,EXP_DEnsembleModel_Alpha158_csi300_custom_step0_s_20260427_14,b03ff0b5e410474682dd4e8f09c3bedd,0.15,,,
3102,2026-04-27,SH688169,-0.08942395268240293,EXP_DEnsembleModel_Alpha158_csi300_custom_step0_s_20260427_14,b03ff0b5e410474682dd4e8f09c3bedd,0.15,,,
3103,2026-04-27,SH688187,0.005797169974103563,EXP_DEnsembleModel_Alpha158_csi300_custom_step0_s_20260427_14,b03ff0b5e410474682dd4e8f09c3bedd,0.15,,,
3104,2026-04-27,SH688223,-0.05408513521118243,EXP_DEnsembleModel_Alpha158_csi300_custom_step0_s_20260427_14,b03ff0b5e410474682dd4e8f09c3bedd,0.15,,,
3105,2026-04-27,SH688256,0.041945573618149525,EXP_DEnsembleModel_Alpha158_csi300_custom_step0_s_20260427_14,b03ff0b5e410474682dd4e8f09c3bedd,0.15,,,
3106,2026-04-27,SH688271,0.03737753586204139,EXP_DEnsembleModel_Alpha158_csi300_custom_step0_s_20260427_14,b03ff0b5e410474682dd4e8f09c3bedd,0.15,,,
3107,2026-04-27,SH688303,-0.10489396372388415,EXP_DEnsembleModel_Alpha158_csi300_custom_step0_s_20260427_14,b03ff0b5e410474682dd4e8f09c3bedd,0.15,,,
3108,2026-04-27,SH688036,-0.015378523481469312,EXP_DEnsembleModel_Alpha158_csi300_custom_step0_s_20260427_14,b03ff0b5e410474682dd4e8f09c3bedd,0.15,,,
3109,2026-04-27,SH603288,0.050388703424415635,EXP_DEnsembleModel_Alpha158_csi300_custom_step0_s_20260427_14,b03ff0b5e410474682dd4e8f09c3bedd,0.15,,,
3110,2026-04-27,SH603260,0.02177903682418617,EXP_DEnsembleModel_Alpha158_csi300_custom_step0_s_20260427_14,b03ff0b5e410474682dd4e8f09c3bedd,0.15,,,
3111,2026-04-27,SH603259,-0.018673610353006374,EXP_DEnsembleModel_Alpha158_csi300_custom_step0_s_20260427_14,b03ff0b5e410474682dd4e8f09c3bedd,0.15,,,
3112,2026-04-27,SH601800,-0.07802496100271043,EXP_DEnsembleModel_Alpha158_csi300_custom_step0_s_20260427_14,b03ff0b5e410474682dd4e8f09c3bedd,0.15,,,
3113,2026-04-27,SH601808,0.02284803121308246,EXP_DEnsembleModel_Alpha158_csi300_custom_step0_s_20260427_14,b03ff0b5e410474682dd4e8f09c3bedd,0.15,,,
3114,2026-04-27,SH601816,0.06843369745785773,EXP_DEnsembleModel_Alpha158_csi300_custom_step0_s_20260427_14,b03ff0b5e410474682dd4e8f09c3bedd,0.15,,,
3115,2026-04-27,SH601818,0.08617985279477075,EXP_DEnsembleModel_Alpha158_csi300_custom_step0_s_20260427_14,b03ff0b5e410474682dd4e8f09c3bedd,0.15,,,
3116,2026-04-27,SH601825,0.15409012718552947,EXP_DEnsembleModel_Alpha158_csi300_custom_step0_s_20260427_14,b03ff0b5e410474682dd4e8f09c3bedd,0.15,,,
3117,2026-04-27,SH601838,0.1190557366685291,EXP_DEnsembleModel_Alpha158_csi300_custom_step0_s_20260427_14,b03ff0b5e410474682dd4e8f09c3bedd,0.15,,,
3118,2026-04-27,SH601857,0.04657934533075782,EXP_DEnsembleModel_Alpha158_csi300_custom_step0_s_20260427_14,b03ff0b5e410474682dd4e8f09c3bedd,0.15,,,
3119,2026-04-27,SH601868,-0.006301217974125959,EXP_DEnsembleModel_Alpha158_csi300_custom_step0_s_20260427_14,b03ff0b5e410474682dd4e8f09c3bedd,0.15,,,
3120,2026-04-27,SH601872,0.01374352598941129,EXP_DEnsembleModel_Alpha158_csi300_custom_step0_s_20260427_14,b03ff0b5e410474682dd4e8f09c3bedd,0.15,,,
3121,2026-04-27,SH601877,-0.02794977198818634,EXP_DEnsembleModel_Alpha158_csi300_custom_step0_s_20260427_14,b03ff0b5e410474682dd4e8f09c3bedd,0.15,,,
3122,2026-04-27,SH601878,-0.01543731461898503,EXP_DEnsembleModel_Alpha158_csi300_custom_step0_s_20260427_14,b03ff0b5e410474682dd4e8f09c3bedd,0.15,,,
3123,2026-04-27,SH601881,-0.0444784617504022,EXP_DEnsembleModel_Alpha158_csi300_custom_step0_s_20260427_14,b03ff0b5e410474682dd4e8f09c3bedd,0.15,,,
3124,2026-04-27,SH601888,-0.06357395817089362,EXP_DEnsembleModel_Alpha158_csi300_custom_step0_s_20260427_14,b03ff0b5e410474682dd4e8f09c3bedd,0.15,,,
3125,2026-04-27,SH601898,-0.20574596570300674,EXP_DEnsembleModel_Alpha158_csi300_custom_step0_s_20260427_14,b03ff0b5e410474682dd4e8f09c3bedd,0.15,,,
3126,2026-04-27,SH601899,-0.07603258350595911,EXP_DEnsembleModel_Alpha158_csi300_custom_step0_s_20260427_14,b03ff0b5e410474682dd4e8f09c3bedd,0.15,,,
3127,2026-04-27,SH601901,0.06698714895694516,EXP_DEnsembleModel_Alpha158_csi300_custom_step0_s_20260427_14,b03ff0b5e410474682dd4e8f09c3bedd,0.15,,,
3128,2026-04-27,SH601916,0.08203836627684294,EXP_DEnsembleModel_Alpha158_csi300_custom_step0_s_20260427_14,b03ff0b5e410474682dd4e8f09c3bedd,0.15,,,
3129,2026-04-27,SH601919,-0.019842593257085307,EXP_DEnsembleModel_Alpha158_csi300_custom_step0_s_20260427_14,b03ff0b5e410474682dd4e8f09c3bedd,0.15,,,
3130,2026-04-27,SH601939,0.04892858238594588,EXP_DEnsembleModel_Alpha158_csi300_custom_step0_s_20260427_14,b03ff0b5e410474682dd4e8f09c3bedd,0.15,,,
3131,2026-04-27,SH601985,0.05010548832625126,EXP_DEnsembleModel_Alpha158_csi300_custom_step0_s_20260427_14,b03ff0b5e410474682dd4e8f09c3bedd,0.15,,,
3132,2026-04-27,SH601988,0.059877590692554196,EXP_DEnsembleModel_Alpha158_csi300_custom_step0_s_20260427_14,b03ff0b5e410474682dd4e8f09c3bedd,0.15,,,
3133,2026-04-27,SH601995,0.12077120546190757,EXP_DEnsembleModel_Alpha158_csi300_custom_step0_s_20260427_14,b03ff0b5e410474682dd4e8f09c3bedd,0.15,,,
3134,2026-04-27,SH601998,0.09778983076394891,EXP_DEnsembleModel_Alpha158_csi300_custom_step0_s_20260427_14,b03ff0b5e410474682dd4e8f09c3bedd,0.15,,,
3135,2026-04-27,SH603019,-0.0652614889590862,EXP_DEnsembleModel_Alpha158_csi300_custom_step0_s_20260427_14,b03ff0b5e410474682dd4e8f09c3bedd,0.15,,,
3136,2026-04-27,SH603195,0.04652104960409006,EXP_DEnsembleModel_Alpha158_csi300_custom_step0_s_20260427_14,b03ff0b5e410474682dd4e8f09c3bedd,0.15,,,
3137,2026-04-27,SH601939,0.00997703006340916,EXP_LGBModel_Alpha158_csi300_custom_step0_s_20260427_16,3e124617a26e440eade78ce8f07dec56,0.083,,,
3138,2026-04-27,SZ301269,0.07283658534288406,EXP_XGBModel_Alpha158_csi300_custom_step0_s_20260427_14,696d1306e9a445d2ab194dec149f529f,0.007,,,
3139,2026-04-27,SH601919,0.00015457740367747638,EXP_LGBModel_Alpha158_csi300_custom_step0_s_20260427_16,3e124617a26e440eade78ce8f07dec56,0.083,,,
3140,2026-04-27,SH601901,-0.0018197768617488044,EXP_LGBModel_Alpha158_csi300_custom_step0_s_20260427_16,3e124617a26e440eade78ce8f07dec56,0.083,,,
3141,2026-04-27,SH601877,-0.008147347527002273,EXP_LGBModel_Alpha158_csi300_custom_step0_s_20260427_16,1b6e0fae030742ceb35752bc3968b21b,0.074,,,
3142,2026-04-27,SH601878,-0.006756320567569082,EXP_LGBModel_Alpha158_csi300_custom_step0_s_20260427_16,1b6e0fae030742ceb35752bc3968b21b,0.074,,,
3143,2026-04-27,SH601881,-0.029606599851619037,EXP_LGBModel_Alpha158_csi300_custom_step0_s_20260427_16,1b6e0fae030742ceb35752bc3968b21b,0.074,,,
3144,2026-04-27,SH601888,-0.02153165605951077,EXP_LGBModel_Alpha158_csi300_custom_step0_s_20260427_16,1b6e0fae030742ceb35752bc3968b21b,0.074,,,
3145,2026-04-27,SH601898,-0.08199115949591104,EXP_LGBModel_Alpha158_csi300_custom_step0_s_20260427_16,1b6e0fae030742ceb35752bc3968b21b,0.074,,,
3146,2026-04-27,SH601899,-0.0225213591012486,EXP_LGBModel_Alpha158_csi300_custom_step0_s_20260427_16,1b6e0fae030742ceb35752bc3968b21b,0.074,,,
3147,2026-04-27,SH601901,0.0090165273342464,EXP_LGBModel_Alpha158_csi300_custom_step0_s_20260427_16,1b6e0fae030742ceb35752bc3968b21b,0.074,,,
3148,2026-04-27,SH601916,0.01657460903635687,EXP_LGBModel_Alpha158_csi300_custom_step0_s_20260427_16,1b6e0fae030742ceb35752bc3968b21b,0.074,,,
3149,2026-04-27,SH601919,-0.024797615477445002,EXP_LGBModel_Alpha158_csi300_custom_step0_s_20260427_16,1b6e0fae030742ceb35752bc3968b21b,0.074,,,
3150,2026-04-27,SH601939,0.010895238627443994,EXP_LGBModel_Alpha158_csi300_custom_step0_s_20260427_16,1b6e0fae030742ceb35752bc3968b21b,0.074,,,
3151,2026-04-27,SH601985,0.011307012202343633,EXP_LGBModel_Alpha158_csi300_custom_step0_s_20260427_16,1b6e0fae030742ceb35752bc3968b21b,0.074,,,
3152,2026-04-27,SH601872,0.02161969199820122,EXP_LGBModel_Alpha158_csi300_custom_step0_s_20260427_16,1b6e0fae030742ceb35752bc3968b21b,0.074,,,
3153,2026-04-27,SH601988,0.023084902710815425,EXP_LGBModel_Alpha158_csi300_custom_step0_s_20260427_16,1b6e0fae030742ceb35752bc3968b21b,0.074,,,
3154,2026-04-27,SH601998,0.05206204821012028,EXP_LGBModel_Alpha158_csi300_custom_step0_s_20260427_16,1b6e0fae030742ceb35752bc3968b21b,0.074,,,
3155,2026-04-27,SH603019,-0.01500265734191255,EXP_LGBModel_Alpha158_csi300_custom_step0_s_20260427_16,1b6e0fae030742ceb35752bc3968b21b,0.074,,,
3156,2026-04-27,SH603195,-0.008384076985780847,EXP_LGBModel_Alpha158_csi300_custom_step0_s_20260427_16,1b6e0fae030742ceb35752bc3968b21b,0.074,,,
3157,2026-04-27,SH603259,0.0001398786066324773,EXP_LGBModel_Alpha158_csi300_custom_step0_s_20260427_16,1b6e0fae030742ceb35752bc3968b21b,0.074,,,
3158,2026-04-27,SH603260,0.003753996942695144,EXP_LGBModel_Alpha158_csi300_custom_step0_s_20260427_16,1b6e0fae030742ceb35752bc3968b21b,0.074,,,
3159,2026-04-27,SH603288,0.03924320407881452,EXP_LGBModel_Alpha158_csi300_custom_step0_s_20260427_16,1b6e0fae030742ceb35752bc3968b21b,0.074,,,
3160,2026-04-27,SH603296,-0.029351986632605506,EXP_LGBModel_Alpha158_csi300_custom_step0_s_20260427_16,1b6e0fae030742ceb35752bc3968b21b,0.074,,,
3161,2026-04-27,SH603369,0.004077706018306322,EXP_LGBModel_Alpha158_csi300_custom_step0_s_20260427_16,1b6e0fae030742ceb35752bc3968b21b,0.074,,,
3162,2026-04-27,SH603392,-0.0023870466930251476,EXP_LGBModel_Alpha158_csi300_custom_step0_s_20260427_16,1b6e0fae030742ceb35752bc3968b21b,0.074,,,
3163,2026-04-27,SH603501,-0.003101715886673357,EXP_LGBModel_Alpha158_csi300_custom_step0_s_20260427_16,1b6e0fae030742ceb35752bc3968b21b,0.074,,,
3164,2026-04-27,SH603799,0.016275212980275722,EXP_LGBModel_Alpha158_csi300_custom_step0_s_20260427_16,1b6e0fae030742ceb35752bc3968b21b,0.074,,,
3165,2026-04-27,SH601995,0.029643761188805465,EXP_LGBModel_Alpha158_csi300_custom_step0_s_20260427_16,1b6e0fae030742ceb35752bc3968b21b,0.074,,,
3166,2026-04-27,SH603893,-0.024297013069252135,EXP_LGBModel_Alpha158_csi300_custom_step0_s_20260427_16,1b6e0fae030742ceb35752bc3968b21b,0.074,,,
3167,2026-04-27,SH601868,-0.010084631334294733,EXP_LGBModel_Alpha158_csi300_custom_step0_s_20260427_16,1b6e0fae030742ceb35752bc3968b21b,0.074,,,
3168,2026-04-27,SH601838,0.003478329975379759,EXP_LGBModel_Alpha158_csi300_custom_step0_s_20260427_16,1b6e0fae030742ceb35752bc3968b21b,0.074,,,
3169,2026-04-27,SH601377,-0.004490209499930521,EXP_LGBModel_Alpha158_csi300_custom_step0_s_20260427_16,1b6e0fae030742ceb35752bc3968b21b,0.074,,,
3170,2026-04-27,SH601390,-0.012113035109907485,EXP_LGBModel_Alpha158_csi300_custom_step0_s_20260427_16,1b6e0fae030742ceb35752bc3968b21b,0.074,,,
3171,2026-04-27,SH601398,0.03716484361751617,EXP_LGBModel_Alpha158_csi300_custom_step0_s_20260427_16,1b6e0fae030742ceb35752bc3968b21b,0.074,,,
3172,2026-04-27,SH601456,0.00793435844833151,EXP_LGBModel_Alpha158_csi300_custom_step0_s_20260427_16,1b6e0fae030742ceb35752bc3968b21b,0.074,,,
3173,2026-04-27,SH601600,-0.011060503557390678,EXP_LGBModel_Alpha158_csi300_custom_step0_s_20260427_16,1b6e0fae030742ceb35752bc3968b21b,0.074,,,
3174,2026-04-27,SH601601,-0.024592120605607688,EXP_LGBModel_Alpha158_csi300_custom_step0_s_20260427_16,1b6e0fae030742ceb35752bc3968b21b,0.074,,,
3175,2026-04-27,SH601607,-0.011889339348109627,EXP_LGBModel_Alpha158_csi300_custom_step0_s_20260427_16,1b6e0fae030742ceb35752bc3968b21b,0.074,,,
3176,2026-04-27,SH601618,-0.0024811601558688227,EXP_LGBModel_Alpha158_csi300_custom_step0_s_20260427_16,1b6e0fae030742ceb35752bc3968b21b,0.074,,,
3177,2026-04-27,SH601628,0.01634399992423159,EXP_LGBModel_Alpha158_csi300_custom_step0_s_20260427_16,1b6e0fae030742ceb35752bc3968b21b,0.074,,,
3178,2026-04-27,SH601633,-0.012315627328528655,EXP_LGBModel_Alpha158_csi300_custom_step0_s_20260427_16,1b6e0fae030742ceb35752bc3968b21b,0.074,,,
3179,2026-04-27,SH601658,0.024696566564604703,EXP_LGBModel_Alpha158_csi300_custom_step0_s_20260427_16,1b6e0fae030742ceb35752bc3968b21b,0.074,,,
3180,2026-04-27,SH601857,0.008517748983306657,EXP_LGBModel_Alpha158_csi300_custom_step0_s_20260427_16,1b6e0fae030742ceb35752bc3968b21b,0.074,,,
3181,2026-04-27,SH601668,-0.01469809529047993,EXP_LGBModel_Alpha158_csi300_custom_step0_s_20260427_16,1b6e0fae030742ceb35752bc3968b21b,0.074,,,
3182,2026-04-27,SH601688,0.0018973404749117327,EXP_LGBModel_Alpha158_csi300_custom_step0_s_20260427_16,1b6e0fae030742ceb35752bc3968b21b,0.074,,,
3183,2026-04-27,SH601689,-0.044554315119799286,EXP_LGBModel_Alpha158_csi300_custom_step0_s_20260427_16,1b6e0fae030742ceb35752bc3968b21b,0.074,,,
3184,2026-04-27,SH601698,-0.027140455045168897,EXP_LGBModel_Alpha158_csi300_custom_step0_s_20260427_16,1b6e0fae030742ceb35752bc3968b21b,0.074,,,
3185,2026-04-27,SH601728,0.026287383088052327,EXP_LGBModel_Alpha158_csi300_custom_step0_s_20260427_16,1b6e0fae030742ceb35752bc3968b21b,0.074,,,
3186,2026-04-27,SH601766,-0.037365700393024844,EXP_LGBModel_Alpha158_csi300_custom_step0_s_20260427_16,1b6e0fae030742ceb35752bc3968b21b,0.074,,,
3187,2026-04-27,SH601788,-0.03942878471035019,EXP_LGBModel_Alpha158_csi300_custom_step0_s_20260427_16,1b6e0fae030742ceb35752bc3968b21b,0.074,,,
3188,2026-04-27,SH601800,-0.026360852809518453,EXP_LGBModel_Alpha158_csi300_custom_step0_s_20260427_16,1b6e0fae030742ceb35752bc3968b21b,0.074,,,
3189,2026-04-27,SH601808,-0.005255925841741236,EXP_LGBModel_Alpha158_csi300_custom_step0_s_20260427_16,1b6e0fae030742ceb35752bc3968b21b,0.074,,,
3190,2026-04-27,SH601816,-0.0069985959350342295,EXP_LGBModel_Alpha158_csi300_custom_step0_s_20260427_16,1b6e0fae030742ceb35752bc3968b21b,0.074,,,
3191,2026-04-27,SH601818,-0.008157997138349379,EXP_LGBModel_Alpha158_csi300_custom_step0_s_20260427_16,1b6e0fae030742ceb35752bc3968b21b,0.074,,,
3192,2026-04-27,SH601825,0.019934774823290383,EXP_LGBModel_Alpha158_csi300_custom_step0_s_20260427_16,1b6e0fae030742ceb35752bc3968b21b,0.074,,,
3193,2026-04-27,SH601669,-0.009729381912502902,EXP_LGBModel_Alpha158_csi300_custom_step0_s_20260427_16,1b6e0fae030742ceb35752bc3968b21b,0.074,,,
3194,2026-04-27,SH601360,-0.002817363525153686,EXP_LGBModel_Alpha158_csi300_custom_step0_s_20260427_16,1b6e0fae030742ceb35752bc3968b21b,0.074,,,
3195,2026-04-27,SH603986,-0.03211336327004752,EXP_LGBModel_Alpha158_csi300_custom_step0_s_20260427_16,1b6e0fae030742ceb35752bc3968b21b,0.074,,,
3196,2026-04-27,SH605117,-0.019047688920096235,EXP_LGBModel_Alpha158_csi300_custom_step0_s_20260427_16,1b6e0fae030742ceb35752bc3968b21b,0.074,,,
3197,2026-04-27,SZ000338,-0.049265329345749335,EXP_LGBModel_Alpha158_csi300_custom_step0_s_20260427_16,1b6e0fae030742ceb35752bc3968b21b,0.074,,,
3198,2026-04-27,SZ000408,-0.010418698394282786,EXP_LGBModel_Alpha158_csi300_custom_step0_s_20260427_16,1b6e0fae030742ceb35752bc3968b21b,0.074,,,
3199,2026-04-27,SZ000425,-0.034796431024447676,EXP_LGBModel_Alpha158_csi300_custom_step0_s_20260427_16,1b6e0fae030742ceb35752bc3968b21b,0.074,,,
3200,2026-04-27,SZ000538,-0.010900396696815846,EXP_LGBModel_Alpha158_csi300_custom_step0_s_20260427_16,1b6e0fae030742ceb35752bc3968b21b,0.074,,,
3201,2026-04-27,SZ000568,-0.00552221859049196,EXP_LGBModel_Alpha158_csi300_custom_step0_s_20260427_16,1b6e0fae030742ceb35752bc3968b21b,0.074,,,
3202,2026-04-27,SZ000596,-0.01761409367974891,EXP_LGBModel_Alpha158_csi300_custom_step0_s_20260427_16,1b6e0fae030742ceb35752bc3968b21b,0.074,,,
3203,2026-04-27,SZ000617,-0.020104649503054486,EXP_LGBModel_Alpha158_csi300_custom_step0_s_20260427_16,1b6e0fae030742ceb35752bc3968b21b,0.074,,,
3204,2026-04-27,SZ000625,-0.011435054990798273,EXP_LGBModel_Alpha158_csi300_custom_step0_s_20260427_16,1b6e0fae030742ceb35752bc3968b21b,0.074,,,
3205,2026-04-27,SZ000630,0.027478482809392187,EXP_LGBModel_Alpha158_csi300_custom_step0_s_20260427_16,1b6e0fae030742ceb35752bc3968b21b,0.074,,,
3206,2026-04-27,SZ000651,-0.008521229787952847,EXP_LGBModel_Alpha158_csi300_custom_step0_s_20260427_16,1b6e0fae030742ceb35752bc3968b21b,0.074,,,
3207,2026-04-27,SZ000661,0.003147518692054454,EXP_LGBModel_Alpha158_csi300_custom_step0_s_20260427_16,1b6e0fae030742ceb35752bc3968b21b,0.074,,,
3208,2026-04-27,SZ000333,0.016762797231787207,EXP_LGBModel_Alpha158_csi300_custom_step0_s_20260427_16,1b6e0fae030742ceb35752bc3968b21b,0.074,,,
3209,2026-04-27,SZ000708,-0.02881743339297305,EXP_LGBModel_Alpha158_csi300_custom_step0_s_20260427_16,1b6e0fae030742ceb35752bc3968b21b,0.074,,,
3210,2026-04-27,SZ000768,-0.01375189772679045,EXP_LGBModel_Alpha158_csi300_custom_step0_s_20260427_16,1b6e0fae030742ceb35752bc3968b21b,0.074,,,
3211,2026-04-27,SZ000776,0.015999724429019157,EXP_LGBModel_Alpha158_csi300_custom_step0_s_20260427_16,1b6e0fae030742ceb35752bc3968b21b,0.074,,,
3212,2026-04-27,SZ000786,-0.007984799019261104,EXP_LGBModel_Alpha158_csi300_custom_step0_s_20260427_16,1b6e0fae030742ceb35752bc3968b21b,0.074,,,
3213,2026-04-27,SZ000792,-0.009884108648983828,EXP_LGBModel_Alpha158_csi300_custom_step0_s_20260427_16,1b6e0fae030742ceb35752bc3968b21b,0.074,,,
3214,2026-04-27,SZ000807,-0.004260901331396652,EXP_LGBModel_Alpha158_csi300_custom_step0_s_20260427_16,1b6e0fae030742ceb35752bc3968b21b,0.074,,,
3215,2026-04-27,SZ000858,-0.010509633600050739,EXP_LGBModel_Alpha158_csi300_custom_step0_s_20260427_16,1b6e0fae030742ceb35752bc3968b21b,0.074,,,
3216,2026-04-27,SZ000876,-0.010762881950094125,EXP_LGBModel_Alpha158_csi300_custom_step0_s_20260427_16,1b6e0fae030742ceb35752bc3968b21b,0.074,,,
3217,2026-04-27,SZ000895,0.028047414780264807,EXP_LGBModel_Alpha158_csi300_custom_step0_s_20260427_16,1b6e0fae030742ceb35752bc3968b21b,0.074,,,
3218,2026-04-27,SZ000938,-0.029819271374609733,EXP_LGBModel_Alpha158_csi300_custom_step0_s_20260427_16,1b6e0fae030742ceb35752bc3968b21b,0.074,,,
3219,2026-04-27,SZ000963,-0.02569590656122231,EXP_LGBModel_Alpha158_csi300_custom_step0_s_20260427_16,1b6e0fae030742ceb35752bc3968b21b,0.074,,,
3220,2026-04-27,SZ000975,-0.02262037440081381,EXP_LGBModel_Alpha158_csi300_custom_step0_s_20260427_16,1b6e0fae030742ceb35752bc3968b21b,0.074,,,
3221,2026-04-27,SZ000725,-0.007643794521997786,EXP_LGBModel_Alpha158_csi300_custom_step0_s_20260427_16,1b6e0fae030742ceb35752bc3968b21b,0.074,,,
3222,2026-04-27,SH603993,-0.03884902306165074,EXP_LGBModel_Alpha158_csi300_custom_step0_s_20260427_16,1b6e0fae030742ceb35752bc3968b21b,0.074,,,
3223,2026-04-27,SZ000301,-0.05015181378162137,EXP_LGBModel_Alpha158_csi300_custom_step0_s_20260427_16,1b6e0fae030742ceb35752bc3968b21b,0.074,,,
3224,2026-04-27,SZ000157,-0.03919903730813041,EXP_LGBModel_Alpha158_csi300_custom_step0_s_20260427_16,1b6e0fae030742ceb35752bc3968b21b,0.074,,,
3225,2026-04-27,SH605499,-0.015132876900087126,EXP_LGBModel_Alpha158_csi300_custom_step0_s_20260427_16,1b6e0fae030742ceb35752bc3968b21b,0.074,,,
3226,2026-04-27,SH688008,-0.05702187684793612,EXP_LGBModel_Alpha158_csi300_custom_step0_s_20260427_16,1b6e0fae030742ceb35752bc3968b21b,0.074,,,
3227,2026-04-27,SH688009,-0.01581230590262718,EXP_LGBModel_Alpha158_csi300_custom_step0_s_20260427_16,1b6e0fae030742ceb35752bc3968b21b,0.074,,,
3228,2026-04-27,SH688012,0.015565944082013733,EXP_LGBModel_Alpha158_csi300_custom_step0_s_20260427_16,1b6e0fae030742ceb35752bc3968b21b,0.074,,,
3229,2026-04-27,SH688036,0.015222753562491287,EXP_LGBModel_Alpha158_csi300_custom_step0_s_20260427_16,1b6e0fae030742ceb35752bc3968b21b,0.074,,,
3230,2026-04-27,SH688041,-0.0053917611249248345,EXP_LGBModel_Alpha158_csi300_custom_step0_s_20260427_16,1b6e0fae030742ceb35752bc3968b21b,0.074,,,
3231,2026-04-27,SH688047,-0.021169606019498296,EXP_LGBModel_Alpha158_csi300_custom_step0_s_20260427_16,1b6e0fae030742ceb35752bc3968b21b,0.074,,,
3232,2026-04-27,SH688082,-0.003357259435722699,EXP_LGBModel_Alpha158_csi300_custom_step0_s_20260427_16,1b6e0fae030742ceb35752bc3968b21b,0.074,,,
3233,2026-04-27,SH688111,-0.00857676035373346,EXP_LGBModel_Alpha158_csi300_custom_step0_s_20260427_16,1b6e0fae030742ceb35752bc3968b21b,0.074,,,
3234,2026-04-27,SH688126,-0.012590678474517735,EXP_LGBModel_Alpha158_csi300_custom_step0_s_20260427_16,1b6e0fae030742ceb35752bc3968b21b,0.074,,,
3235,2026-04-27,SH688169,-0.03275016475544472,EXP_LGBModel_Alpha158_csi300_custom_step0_s_20260427_16,1b6e0fae030742ceb35752bc3968b21b,0.074,,,
3236,2026-04-27,SZ000166,-0.0024142576812553646,EXP_LGBModel_Alpha158_csi300_custom_step0_s_20260427_16,1b6e0fae030742ceb35752bc3968b21b,0.074,,,
3237,2026-04-27,SH688187,-0.0067715878695216915,EXP_LGBModel_Alpha158_csi300_custom_step0_s_20260427_16,1b6e0fae030742ceb35752bc3968b21b,0.074,,,
3238,2026-04-27,SH688256,0.06327903818632134,EXP_LGBModel_Alpha158_csi300_custom_step0_s_20260427_16,1b6e0fae030742ceb35752bc3968b21b,0.074,,,
3239,2026-04-27,SH688271,0.019269124311730716,EXP_LGBModel_Alpha158_csi300_custom_step0_s_20260427_16,1b6e0fae030742ceb35752bc3968b21b,0.074,,,
3240,2026-04-27,SH688303,-0.018003954586943288,EXP_LGBModel_Alpha158_csi300_custom_step0_s_20260427_16,1b6e0fae030742ceb35752bc3968b21b,0.074,,,
3241,2026-04-27,SH688396,-0.01756684160735314,EXP_LGBModel_Alpha158_csi300_custom_step0_s_20260427_16,1b6e0fae030742ceb35752bc3968b21b,0.074,,,
3242,2026-04-27,SH688472,0.00030778570905692004,EXP_LGBModel_Alpha158_csi300_custom_step0_s_20260427_16,1b6e0fae030742ceb35752bc3968b21b,0.074,,,
3243,2026-04-27,SH688506,-0.0006239338839091782,EXP_LGBModel_Alpha158_csi300_custom_step0_s_20260427_16,1b6e0fae030742ceb35752bc3968b21b,0.074,,,
3244,2026-04-27,SH688981,-0.03190970358253366,EXP_LGBModel_Alpha158_csi300_custom_step0_s_20260427_16,1b6e0fae030742ceb35752bc3968b21b,0.074,,,
3245,2026-04-27,SZ000001,-0.0010876731305013276,EXP_LGBModel_Alpha158_csi300_custom_step0_s_20260427_16,1b6e0fae030742ceb35752bc3968b21b,0.074,,,
3246,2026-04-27,SZ000002,-0.03991379083255525,EXP_LGBModel_Alpha158_csi300_custom_step0_s_20260427_16,1b6e0fae030742ceb35752bc3968b21b,0.074,,,
3247,2026-04-27,SZ000063,-0.0030741201778913953,EXP_LGBModel_Alpha158_csi300_custom_step0_s_20260427_16,1b6e0fae030742ceb35752bc3968b21b,0.074,,,
3248,2026-04-27,SZ000100,-0.012450992889302799,EXP_LGBModel_Alpha158_csi300_custom_step0_s_20260427_16,1b6e0fae030742ceb35752bc3968b21b,0.074,,,
3249,2026-04-27,SH688223,-0.015565439100015368,EXP_LGBModel_Alpha158_csi300_custom_step0_s_20260427_16,1b6e0fae030742ceb35752bc3968b21b,0.074,,,
3250,2026-04-27,SZ000977,-0.007612067542826929,EXP_LGBModel_Alpha158_csi300_custom_step0_s_20260427_16,1b6e0fae030742ceb35752bc3968b21b,0.074,,,
3251,2026-04-27,SH601336,0.013794964451474732,EXP_LGBModel_Alpha158_csi300_custom_step0_s_20260427_16,1b6e0fae030742ceb35752bc3968b21b,0.074,,,
3252,2026-04-27,SH601319,-0.00811367756367981,EXP_LGBModel_Alpha158_csi300_custom_step0_s_20260427_16,1b6e0fae030742ceb35752bc3968b21b,0.074,,,
3253,2026-04-27,SH600161,-0.02336287363971695,EXP_LGBModel_Alpha158_csi300_custom_step0_s_20260427_16,1b6e0fae030742ceb35752bc3968b21b,0.074,,,
3254,2026-04-27,SH600176,0.018800250518770156,EXP_LGBModel_Alpha158_csi300_custom_step0_s_20260427_16,1b6e0fae030742ceb35752bc3968b21b,0.074,,,
3255,2026-04-27,SH600183,-0.025721571990173525,EXP_LGBModel_Alpha158_csi300_custom_step0_s_20260427_16,1b6e0fae030742ceb35752bc3968b21b,0.074,,,
3256,2026-04-27,SH600188,-0.058318494816430214,EXP_LGBModel_Alpha158_csi300_custom_step0_s_20260427_16,1b6e0fae030742ceb35752bc3968b21b,0.074,,,
3257,2026-04-27,SH600196,-0.0343101345087407,EXP_LGBModel_Alpha158_csi300_custom_step0_s_20260427_16,1b6e0fae030742ceb35752bc3968b21b,0.074,,,
3258,2026-04-27,SH600219,-0.023601897157195212,EXP_LGBModel_Alpha158_csi300_custom_step0_s_20260427_16,1b6e0fae030742ceb35752bc3968b21b,0.074,,,
3259,2026-04-27,SH600233,0.000395514120784363,EXP_LGBModel_Alpha158_csi300_custom_step0_s_20260427_16,1b6e0fae030742ceb35752bc3968b21b,0.074,,,
3260,2026-04-27,SH600276,-0.00265624129774022,EXP_LGBModel_Alpha158_csi300_custom_step0_s_20260427_16,1b6e0fae030742ceb35752bc3968b21b,0.074,,,
3261,2026-04-27,SH600309,0.01693279532367026,EXP_LGBModel_Alpha158_csi300_custom_step0_s_20260427_16,1b6e0fae030742ceb35752bc3968b21b,0.074,,,
3262,2026-04-27,SH600346,0.004997360317445109,EXP_LGBModel_Alpha158_csi300_custom_step0_s_20260427_16,1b6e0fae030742ceb35752bc3968b21b,0.074,,,
3263,2026-04-27,SH600362,-0.025011759593553007,EXP_LGBModel_Alpha158_csi300_custom_step0_s_20260427_16,1b6e0fae030742ceb35752bc3968b21b,0.074,,,
3264,2026-04-27,SH600160,-0.028464291449844168,EXP_LGBModel_Alpha158_csi300_custom_step0_s_20260427_16,1b6e0fae030742ceb35752bc3968b21b,0.074,,,
3265,2026-04-27,SH600372,-0.005343749941318593,EXP_LGBModel_Alpha158_csi300_custom_step0_s_20260427_16,1b6e0fae030742ceb35752bc3968b21b,0.074,,,
3266,2026-04-27,SH600406,-0.0017588022854199926,EXP_LGBModel_Alpha158_csi300_custom_step0_s_20260427_16,1b6e0fae030742ceb35752bc3968b21b,0.074,,,
3267,2026-04-27,SH600415,-0.00824559831635325,EXP_LGBModel_Alpha158_csi300_custom_step0_s_20260427_16,1b6e0fae030742ceb35752bc3968b21b,0.074,,,
3268,2026-04-27,SH600426,-0.020011576938091184,EXP_LGBModel_Alpha158_csi300_custom_step0_s_20260427_16,1b6e0fae030742ceb35752bc3968b21b,0.074,,,
3269,2026-04-27,SH600436,-0.026637031922064753,EXP_LGBModel_Alpha158_csi300_custom_step0_s_20260427_16,1b6e0fae030742ceb35752bc3968b21b,0.074,,,
3270,2026-04-27,SH600438,-0.03550281183729007,EXP_LGBModel_Alpha158_csi300_custom_step0_s_20260427_16,1b6e0fae030742ceb35752bc3968b21b,0.074,,,
3271,2026-04-27,SH600460,-0.009865820750623042,EXP_LGBModel_Alpha158_csi300_custom_step0_s_20260427_16,1b6e0fae030742ceb35752bc3968b21b,0.074,,,
3272,2026-04-27,SH600482,-0.0344953671825265,EXP_LGBModel_Alpha158_csi300_custom_step0_s_20260427_16,1b6e0fae030742ceb35752bc3968b21b,0.074,,,
3273,2026-04-27,SH600489,-0.042633255718540305,EXP_LGBModel_Alpha158_csi300_custom_step0_s_20260427_16,1b6e0fae030742ceb35752bc3968b21b,0.074,,,
3274,2026-04-27,SH600515,-0.029589307330148702,EXP_LGBModel_Alpha158_csi300_custom_step0_s_20260427_16,1b6e0fae030742ceb35752bc3968b21b,0.074,,,
3275,2026-04-27,SH600519,-0.026196287124715754,EXP_LGBModel_Alpha158_csi300_custom_step0_s_20260427_16,1b6e0fae030742ceb35752bc3968b21b,0.074,,,
3276,2026-04-27,SH600522,-0.010224964281293164,EXP_LGBModel_Alpha158_csi300_custom_step0_s_20260427_16,1b6e0fae030742ceb35752bc3968b21b,0.074,,,
3277,2026-04-27,SH600377,0.0016575240421186585,EXP_LGBModel_Alpha158_csi300_custom_step0_s_20260427_16,1b6e0fae030742ceb35752bc3968b21b,0.074,,,
3278,2026-04-27,SH600547,-0.01488454436910673,EXP_LGBModel_Alpha158_csi300_custom_step0_s_20260427_16,1b6e0fae030742ceb35752bc3968b21b,0.074,,,
3279,2026-04-27,SH600150,-0.020785764953579165,EXP_LGBModel_Alpha158_csi300_custom_step0_s_20260427_16,1b6e0fae030742ceb35752bc3968b21b,0.074,,,
3280,2026-04-27,SH600111,-0.030418524147776283,EXP_LGBModel_Alpha158_csi300_custom_step0_s_20260427_16,1b6e0fae030742ceb35752bc3968b21b,0.074,,,
3281,2026-04-27,SH600009,-0.002262597106757647,EXP_LGBModel_Alpha158_csi300_custom_step0_s_20260427_16,1b6e0fae030742ceb35752bc3968b21b,0.074,,,
3282,2026-04-27,SH600010,-0.03139242245029212,EXP_LGBModel_Alpha158_csi300_custom_step0_s_20260427_16,1b6e0fae030742ceb35752bc3968b21b,0.074,,,
3283,2026-04-27,SH600011,0.010125730876392448,EXP_LGBModel_Alpha158_csi300_custom_step0_s_20260427_16,1b6e0fae030742ceb35752bc3968b21b,0.074,,,
3284,2026-04-27,SH600015,-0.0030055731310138743,EXP_LGBModel_Alpha158_csi300_custom_step0_s_20260427_16,1b6e0fae030742ceb35752bc3968b21b,0.074,,,
3285,2026-04-27,SH600016,0.014018329823051668,EXP_LGBModel_Alpha158_csi300_custom_step0_s_20260427_16,1b6e0fae030742ceb35752bc3968b21b,0.074,,,
3286,2026-04-27,SH600018,-0.0075610392346485596,EXP_LGBModel_Alpha158_csi300_custom_step0_s_20260427_16,1b6e0fae030742ceb35752bc3968b21b,0.074,,,
3287,2026-04-27,SH600019,0.016327924431354047,EXP_LGBModel_Alpha158_csi300_custom_step0_s_20260427_16,1b6e0fae030742ceb35752bc3968b21b,0.074,,,
3288,2026-04-27,SH600023,-0.02789903072486746,EXP_LGBModel_Alpha158_csi300_custom_step0_s_20260427_16,1b6e0fae030742ceb35752bc3968b21b,0.074,,,
3289,2026-04-27,SH600025,0.0001815385585979348,EXP_LGBModel_Alpha158_csi300_custom_step0_s_20260427_16,1b6e0fae030742ceb35752bc3968b21b,0.074,,,
3290,2026-04-27,SH600026,0.017822881106158546,EXP_LGBModel_Alpha158_csi300_custom_step0_s_20260427_16,1b6e0fae030742ceb35752bc3968b21b,0.074,,,
3291,2026-04-27,SH600027,-0.003554363078091358,EXP_LGBModel_Alpha158_csi300_custom_step0_s_20260427_16,1b6e0fae030742ceb35752bc3968b21b,0.074,,,
3292,2026-04-27,SH600115,-0.013170905029292412,EXP_LGBModel_Alpha158_csi300_custom_step0_s_20260427_16,1b6e0fae030742ceb35752bc3968b21b,0.074,,,
3293,2026-04-27,SH600028,-0.02153475868061159,EXP_LGBModel_Alpha158_csi300_custom_step0_s_20260427_16,1b6e0fae030742ceb35752bc3968b21b,0.074,,,
3294,2026-04-27,SH600030,0.02774014890488368,EXP_LGBModel_Alpha158_csi300_custom_step0_s_20260427_16,1b6e0fae030742ceb35752bc3968b21b,0.074,,,
3295,2026-04-27,SH600031,-0.03681010852345214,EXP_LGBModel_Alpha158_csi300_custom_step0_s_20260427_16,1b6e0fae030742ceb35752bc3968b21b,0.074,,,
3296,2026-04-27,SH600036,-0.005922302411845522,EXP_LGBModel_Alpha158_csi300_custom_step0_s_20260427_16,1b6e0fae030742ceb35752bc3968b21b,0.074,,,
3297,2026-04-27,SH600039,-0.03199761643099372,EXP_LGBModel_Alpha158_csi300_custom_step0_s_20260427_16,1b6e0fae030742ceb35752bc3968b21b,0.074,,,
3298,2026-04-27,SH600048,0.006214024281105315,EXP_LGBModel_Alpha158_csi300_custom_step0_s_20260427_16,1b6e0fae030742ceb35752bc3968b21b,0.074,,,
3299,2026-04-27,SH600050,0.0005066784123562214,EXP_LGBModel_Alpha158_csi300_custom_step0_s_20260427_16,1b6e0fae030742ceb35752bc3968b21b,0.074,,,
3300,2026-04-27,SH600061,-0.029139898726914734,EXP_LGBModel_Alpha158_csi300_custom_step0_s_20260427_16,1b6e0fae030742ceb35752bc3968b21b,0.074,,,
3301,2026-04-27,SH600066,0.03327670593573974,EXP_LGBModel_Alpha158_csi300_custom_step0_s_20260427_16,1b6e0fae030742ceb35752bc3968b21b,0.074,,,
3302,2026-04-27,SH600085,-0.015412895244706406,EXP_LGBModel_Alpha158_csi300_custom_step0_s_20260427_16,1b6e0fae030742ceb35752bc3968b21b,0.074,,,
3303,2026-04-27,SH600089,-0.01956534879046458,EXP_LGBModel_Alpha158_csi300_custom_step0_s_20260427_16,1b6e0fae030742ceb35752bc3968b21b,0.074,,,
3304,2026-04-27,SH600104,-0.008601018120493034,EXP_LGBModel_Alpha158_csi300_custom_step0_s_20260427_16,1b6e0fae030742ceb35752bc3968b21b,0.074,,,
3305,2026-04-27,SH600029,-0.021566906422895056,EXP_LGBModel_Alpha158_csi300_custom_step0_s_20260427_16,1b6e0fae030742ceb35752bc3968b21b,0.074,,,
3306,2026-04-27,SH601328,0.03690989746888818,EXP_LGBModel_Alpha158_csi300_custom_step0_s_20260427_16,1b6e0fae030742ceb35752bc3968b21b,0.074,,,
3307,2026-04-27,SH600570,0.007759584681223506,EXP_LGBModel_Alpha158_csi300_custom_step0_s_20260427_16,1b6e0fae030742ceb35752bc3968b21b,0.074,,,
3308,2026-04-27,SH600585,-0.025847120964139967,EXP_LGBModel_Alpha158_csi300_custom_step0_s_20260427_16,1b6e0fae030742ceb35752bc3968b21b,0.074,,,
3309,2026-04-27,SH601018,-0.009241933790361407,EXP_LGBModel_Alpha158_csi300_custom_step0_s_20260427_16,1b6e0fae030742ceb35752bc3968b21b,0.074,,,
3310,2026-04-27,SH601021,0.006763391564357587,EXP_LGBModel_Alpha158_csi300_custom_step0_s_20260427_16,1b6e0fae030742ceb35752bc3968b21b,0.074,,,
3311,2026-04-27,SH601058,0.022624069117640033,EXP_LGBModel_Alpha158_csi300_custom_step0_s_20260427_16,1b6e0fae030742ceb35752bc3968b21b,0.074,,,
3312,2026-04-27,SH601059,0.010105386027413654,EXP_LGBModel_Alpha158_csi300_custom_step0_s_20260427_16,1b6e0fae030742ceb35752bc3968b21b,0.074,,,
3313,2026-04-27,SH601066,0.003562285183226946,EXP_LGBModel_Alpha158_csi300_custom_step0_s_20260427_16,1b6e0fae030742ceb35752bc3968b21b,0.074,,,
3314,2026-04-27,SH601077,0.04147221856553519,EXP_LGBModel_Alpha158_csi300_custom_step0_s_20260427_16,1b6e0fae030742ceb35752bc3968b21b,0.074,,,
3315,2026-04-27,SH601088,0.008388946118742083,EXP_LGBModel_Alpha158_csi300_custom_step0_s_20260427_16,1b6e0fae030742ceb35752bc3968b21b,0.074,,,
3316,2026-04-27,SH601100,-0.02896283359354043,EXP_LGBModel_Alpha158_csi300_custom_step0_s_20260427_16,1b6e0fae030742ceb35752bc3968b21b,0.074,,,
3317,2026-04-27,SH601111,-0.04639250743626646,EXP_LGBModel_Alpha158_csi300_custom_step0_s_20260427_16,1b6e0fae030742ceb35752bc3968b21b,0.074,,,
3318,2026-04-27,SH601117,-0.011747204895329995,EXP_LGBModel_Alpha158_csi300_custom_step0_s_20260427_16,1b6e0fae030742ceb35752bc3968b21b,0.074,,,
3319,2026-04-27,SH601127,-0.014327664852581074,EXP_LGBModel_Alpha158_csi300_custom_step0_s_20260427_16,1b6e0fae030742ceb35752bc3968b21b,0.074,,,
3320,2026-04-27,SH601012,0.006553165124179859,EXP_LGBModel_Alpha158_csi300_custom_step0_s_20260427_16,1b6e0fae030742ceb35752bc3968b21b,0.074,,,
3321,2026-04-27,SH601136,-0.010705775277737785,EXP_LGBModel_Alpha158_csi300_custom_step0_s_20260427_16,1b6e0fae030742ceb35752bc3968b21b,0.074,,,
3322,2026-04-27,SH601166,-0.004404900161356865,EXP_LGBModel_Alpha158_csi300_custom_step0_s_20260427_16,1b6e0fae030742ceb35752bc3968b21b,0.074,,,
3323,2026-04-27,SH601169,0.025370615651660034,EXP_LGBModel_Alpha158_csi300_custom_step0_s_20260427_16,1b6e0fae030742ceb35752bc3968b21b,0.074,,,
3324,2026-04-27,SH601186,-0.008226577922076017,EXP_LGBModel_Alpha158_csi300_custom_step0_s_20260427_16,1b6e0fae030742ceb35752bc3968b21b,0.074,,,
3325,2026-04-27,SH601211,-0.0323770849221976,EXP_LGBModel_Alpha158_csi300_custom_step0_s_20260427_16,1b6e0fae030742ceb35752bc3968b21b,0.074,,,
3326,2026-04-27,SH601225,-0.02867495222408998,EXP_LGBModel_Alpha158_csi300_custom_step0_s_20260427_16,1b6e0fae030742ceb35752bc3968b21b,0.074,,,
3327,2026-04-27,SH601229,-0.012472337519437951,EXP_LGBModel_Alpha158_csi300_custom_step0_s_20260427_16,1b6e0fae030742ceb35752bc3968b21b,0.074,,,
3328,2026-04-27,SH601236,-0.004737987286222019,EXP_LGBModel_Alpha158_csi300_custom_step0_s_20260427_16,1b6e0fae030742ceb35752bc3968b21b,0.074,,,
3329,2026-04-27,SH601238,-0.002335354750505894,EXP_LGBModel_Alpha158_csi300_custom_step0_s_20260427_16,1b6e0fae030742ceb35752bc3968b21b,0.074,,,
3330,2026-04-27,SH601288,-0.008506806102712374,EXP_LGBModel_Alpha158_csi300_custom_step0_s_20260427_16,1b6e0fae030742ceb35752bc3968b21b,0.074,,,
3331,2026-04-27,SH601298,0.02191432376964273,EXP_LGBModel_Alpha158_csi300_custom_step0_s_20260427_16,1b6e0fae030742ceb35752bc3968b21b,0.074,,,
3332,2026-04-27,SH601318,-0.002084655270367047,EXP_LGBModel_Alpha158_csi300_custom_step0_s_20260427_16,1b6e0fae030742ceb35752bc3968b21b,0.074,,,
3333,2026-04-27,SH601138,-0.01950249434212383,EXP_LGBModel_Alpha158_csi300_custom_step0_s_20260427_16,1b6e0fae030742ceb35752bc3968b21b,0.074,,,
3334,2026-04-27,SH600584,0.0074755106884207,EXP_LGBModel_Alpha158_csi300_custom_step0_s_20260427_16,1b6e0fae030742ceb35752bc3968b21b,0.074,,,
3335,2026-04-27,SH601009,-0.009465628494264832,EXP_LGBModel_Alpha158_csi300_custom_step0_s_20260427_16,1b6e0fae030742ceb35752bc3968b21b,0.074,,,
3336,2026-04-27,SH600999,-0.010597372382990786,EXP_LGBModel_Alpha158_csi300_custom_step0_s_20260427_16,1b6e0fae030742ceb35752bc3968b21b,0.074,,,
3337,2026-04-27,SH600588,-0.00030701122362700606,EXP_LGBModel_Alpha158_csi300_custom_step0_s_20260427_16,1b6e0fae030742ceb35752bc3968b21b,0.074,,,
3338,2026-04-27,SH600600,0.0055806819220478,EXP_LGBModel_Alpha158_csi300_custom_step0_s_20260427_16,1b6e0fae030742ceb35752bc3968b21b,0.074,,,
3339,2026-04-27,SH600660,0.01749499844954861,EXP_LGBModel_Alpha158_csi300_custom_step0_s_20260427_16,1b6e0fae030742ceb35752bc3968b21b,0.074,,,
3340,2026-04-27,SH600674,0.01488604368413334,EXP_LGBModel_Alpha158_csi300_custom_step0_s_20260427_16,1b6e0fae030742ceb35752bc3968b21b,0.074,,,
3341,2026-04-27,SH600690,0.0036620906291777037,EXP_LGBModel_Alpha158_csi300_custom_step0_s_20260427_16,1b6e0fae030742ceb35752bc3968b21b,0.074,,,
3342,2026-04-27,SH600741,-0.0008568938282107405,EXP_LGBModel_Alpha158_csi300_custom_step0_s_20260427_16,1b6e0fae030742ceb35752bc3968b21b,0.074,,,
3343,2026-04-27,SH600760,-0.02853053607903369,EXP_LGBModel_Alpha158_csi300_custom_step0_s_20260427_16,1b6e0fae030742ceb35752bc3968b21b,0.074,,,
3344,2026-04-27,SH600795,0.03820641014510228,EXP_LGBModel_Alpha158_csi300_custom_step0_s_20260427_16,1b6e0fae030742ceb35752bc3968b21b,0.074,,,
3345,2026-04-27,SH600803,0.03527873487253111,EXP_LGBModel_Alpha158_csi300_custom_step0_s_20260427_16,1b6e0fae030742ceb35752bc3968b21b,0.074,,,
3346,2026-04-27,SH600809,-0.00013903052790362668,EXP_LGBModel_Alpha158_csi300_custom_step0_s_20260427_16,1b6e0fae030742ceb35752bc3968b21b,0.074,,,
3347,2026-04-27,SH600845,0.012398476568396774,EXP_LGBModel_Alpha158_csi300_custom_step0_s_20260427_16,1b6e0fae030742ceb35752bc3968b21b,0.074,,,
3348,2026-04-27,SH601006,0.009709311968993415,EXP_LGBModel_Alpha158_csi300_custom_step0_s_20260427_16,1b6e0fae030742ceb35752bc3968b21b,0.074,,,
3349,2026-04-27,SH600875,-0.03556771785649096,EXP_LGBModel_Alpha158_csi300_custom_step0_s_20260427_16,1b6e0fae030742ceb35752bc3968b21b,0.074,,,
3350,2026-04-27,SH600887,-0.004411533185833468,EXP_LGBModel_Alpha158_csi300_custom_step0_s_20260427_16,1b6e0fae030742ceb35752bc3968b21b,0.074,,,
3351,2026-04-27,SH600893,-0.010627744226767571,EXP_LGBModel_Alpha158_csi300_custom_step0_s_20260427_16,1b6e0fae030742ceb35752bc3968b21b,0.074,,,
3352,2026-04-27,SH600900,-0.0001066122665859886,EXP_LGBModel_Alpha158_csi300_custom_step0_s_20260427_16,1b6e0fae030742ceb35752bc3968b21b,0.074,,,
3353,2026-04-27,SH600905,-0.007991590076351826,EXP_LGBModel_Alpha158_csi300_custom_step0_s_20260427_16,1b6e0fae030742ceb35752bc3968b21b,0.074,,,
3354,2026-04-27,SH600918,0.0011719704062257241,EXP_LGBModel_Alpha158_csi300_custom_step0_s_20260427_16,1b6e0fae030742ceb35752bc3968b21b,0.074,,,
3355,2026-04-27,SH600919,0.03039288736803541,EXP_LGBModel_Alpha158_csi300_custom_step0_s_20260427_16,1b6e0fae030742ceb35752bc3968b21b,0.074,,,
3356,2026-04-27,SH600926,0.03164155593207113,EXP_LGBModel_Alpha158_csi300_custom_step0_s_20260427_16,1b6e0fae030742ceb35752bc3968b21b,0.074,,,
3357,2026-04-27,SH600930,-0.02854096062195713,EXP_LGBModel_Alpha158_csi300_custom_step0_s_20260427_16,1b6e0fae030742ceb35752bc3968b21b,0.074,,,
3358,2026-04-27,SH600938,-0.021486872942679546,EXP_LGBModel_Alpha158_csi300_custom_step0_s_20260427_16,1b6e0fae030742ceb35752bc3968b21b,0.074,,,
3359,2026-04-27,SH600941,0.016773066231256222,EXP_LGBModel_Alpha158_csi300_custom_step0_s_20260427_16,1b6e0fae030742ceb35752bc3968b21b,0.074,,,
3360,2026-04-27,SH600989,-0.008545781767203815,EXP_LGBModel_Alpha158_csi300_custom_step0_s_20260427_16,1b6e0fae030742ceb35752bc3968b21b,0.074,,,
3361,2026-04-27,SH600886,0.04396334604864897,EXP_LGBModel_Alpha158_csi300_custom_step0_s_20260427_16,1b6e0fae030742ceb35752bc3968b21b,0.074,,,
3362,2026-04-27,SZ000983,-0.010218494843474566,EXP_LGBModel_Alpha158_csi300_custom_step0_s_20260427_16,1b6e0fae030742ceb35752bc3968b21b,0.074,,,
3363,2026-04-27,SZ000999,-0.04556878017834764,EXP_LGBModel_Alpha158_csi300_custom_step0_s_20260427_16,1b6e0fae030742ceb35752bc3968b21b,0.074,,,
3364,2026-04-27,SZ001391,0.01470920470198331,EXP_LGBModel_Alpha158_csi300_custom_step0_s_20260427_16,1b6e0fae030742ceb35752bc3968b21b,0.074,,,
3365,2026-04-27,SH600845,-0.0018197768617488044,EXP_LGBModel_Alpha158_csi300_custom_step0_s_20260427_16,3e124617a26e440eade78ce8f07dec56,0.083,,,
3366,2026-04-27,SH600875,0.0015082400777890318,EXP_LGBModel_Alpha158_csi300_custom_step0_s_20260427_16,3e124617a26e440eade78ce8f07dec56,0.083,,,
3367,2026-04-27,SH600886,-1.44326321557998e-09,EXP_LGBModel_Alpha158_csi300_custom_step0_s_20260427_16,3e124617a26e440eade78ce8f07dec56,0.083,,,
3368,2026-04-27,SH600887,-0.0018197768617488044,EXP_LGBModel_Alpha158_csi300_custom_step0_s_20260427_16,3e124617a26e440eade78ce8f07dec56,0.083,,,
3369,2026-04-27,SH600893,-1.44326321557998e-09,EXP_LGBModel_Alpha158_csi300_custom_step0_s_20260427_16,3e124617a26e440eade78ce8f07dec56,0.083,,,
3370,2026-04-27,SH600900,-0.0007744319308756754,EXP_LGBModel_Alpha158_csi300_custom_step0_s_20260427_16,3e124617a26e440eade78ce8f07dec56,0.083,,,
3371,2026-04-27,SH600905,-0.002594207349361264,EXP_LGBModel_Alpha158_csi300_custom_step0_s_20260427_16,3e124617a26e440eade78ce8f07dec56,0.083,,,
3372,2026-04-27,SH600918,-0.01988723490802296,EXP_LGBModel_Alpha158_csi300_custom_step0_s_20260427_16,3e124617a26e440eade78ce8f07dec56,0.083,,,
3373,2026-04-27,SH600919,0.007291795432983911,EXP_LGBModel_Alpha158_csi300_custom_step0_s_20260427_16,3e124617a26e440eade78ce8f07dec56,0.083,,,
3374,2026-04-27,SH600926,0.005472020014498322,EXP_LGBModel_Alpha158_csi300_custom_step0_s_20260427_16,3e124617a26e440eade78ce8f07dec56,0.083,,,
3375,2026-04-27,SH600930,-1.44326321557998e-09,EXP_LGBModel_Alpha158_csi300_custom_step0_s_20260427_16,3e124617a26e440eade78ce8f07dec56,0.083,,,
3376,2026-04-27,SH600809,-0.01988723490802296,EXP_LGBModel_Alpha158_csi300_custom_step0_s_20260427_16,3e124617a26e440eade78ce8f07dec56,0.083,,,
3377,2026-04-27,SH600938,-1.44326321557998e-09,EXP_LGBModel_Alpha158_csi300_custom_step0_s_20260427_16,3e124617a26e440eade78ce8f07dec56,0.083,,,
3378,2026-04-27,SH600989,-0.0007744319308756754,EXP_LGBModel_Alpha158_csi300_custom_step0_s_20260427_16,3e124617a26e440eade78ce8f07dec56,0.083,,,
3379,2026-04-27,SH600999,-1.44326321557998e-09,EXP_LGBModel_Alpha158_csi300_custom_step0_s_20260427_16,3e124617a26e440eade78ce8f07dec56,0.083,,,
3380,2026-04-27,SH601006,-0.0007744319308756754,EXP_LGBModel_Alpha158_csi300_custom_step0_s_20260427_16,3e124617a26e440eade78ce8f07dec56,0.083,,,
3381,2026-04-27,SH601009,0.0004467865570616552,EXP_LGBModel_Alpha158_csi300_custom_step0_s_20260427_16,3e124617a26e440eade78ce8f07dec56,0.083,,,
3382,2026-04-27,SH601012,0.00015457740367747638,EXP_LGBModel_Alpha158_csi300_custom_step0_s_20260427_16,3e124617a26e440eade78ce8f07dec56,0.083,,,
3383,2026-04-27,SH601018,-0.011685079260670042,EXP_LGBModel_Alpha158_csi300_custom_step0_s_20260427_16,3e124617a26e440eade78ce8f07dec56,0.083,,,
3384,2026-04-27,SH601021,-0.0018197768617488044,EXP_LGBModel_Alpha158_csi300_custom_step0_s_20260427_16,3e124617a26e440eade78ce8f07dec56,0.083,,,
3385,2026-04-27,SH601058,-1.44326321557998e-09,EXP_LGBModel_Alpha158_csi300_custom_step0_s_20260427_16,3e124617a26e440eade78ce8f07dec56,0.083,,,
3386,2026-04-27,SH601059,-0.0018197768617488044,EXP_LGBModel_Alpha158_csi300_custom_step0_s_20260427_16,3e124617a26e440eade78ce8f07dec56,0.083,,,
3387,2026-04-27,SH601066,-0.0018197768617488044,EXP_LGBModel_Alpha158_csi300_custom_step0_s_20260427_16,3e124617a26e440eade78ce8f07dec56,0.083,,,
3388,2026-04-27,SH601077,0.011803443648224382,EXP_LGBModel_Alpha158_csi300_custom_step0_s_20260427_16,3e124617a26e440eade78ce8f07dec56,0.083,,,
3389,2026-04-27,SH600941,-0.002594207349361264,EXP_LGBModel_Alpha158_csi300_custom_step0_s_20260427_16,3e124617a26e440eade78ce8f07dec56,0.083,,,
3390,2026-04-27,SH601088,-0.002594207349361264,EXP_LGBModel_Alpha158_csi300_custom_step0_s_20260427_16,3e124617a26e440eade78ce8f07dec56,0.083,,,
3391,2026-04-27,SH600803,-0.0007744319308756754,EXP_LGBModel_Alpha158_csi300_custom_step0_s_20260427_16,3e124617a26e440eade78ce8f07dec56,0.083,,,
3392,2026-04-27,SH600760,-1.44326321557998e-09,EXP_LGBModel_Alpha158_csi300_custom_step0_s_20260427_16,3e124617a26e440eade78ce8f07dec56,0.083,,,
3393,2026-04-27,SH600362,-0.0018197768617488044,EXP_LGBModel_Alpha158_csi300_custom_step0_s_20260427_16,3e124617a26e440eade78ce8f07dec56,0.083,,,
3394,2026-04-27,SH600372,-1.44326321557998e-09,EXP_LGBModel_Alpha158_csi300_custom_step0_s_20260427_16,3e124617a26e440eade78ce8f07dec56,0.083,,,
3395,2026-04-27,SH600377,-0.002594207349361264,EXP_LGBModel_Alpha158_csi300_custom_step0_s_20260427_16,3e124617a26e440eade78ce8f07dec56,0.083,,,
3396,2026-04-27,SH600406,-0.002594207349361264,EXP_LGBModel_Alpha158_csi300_custom_step0_s_20260427_16,3e124617a26e440eade78ce8f07dec56,0.083,,,
3397,2026-04-27,SH600415,0.0023131136181069926,EXP_LGBModel_Alpha158_csi300_custom_step0_s_20260427_16,3e124617a26e440eade78ce8f07dec56,0.083,,,
3398,2026-04-27,SH600426,-1.44326321557998e-09,EXP_LGBModel_Alpha158_csi300_custom_step0_s_20260427_16,3e124617a26e440eade78ce8f07dec56,0.083,,,
3399,2026-04-27,SH600436,-0.009056499213290136,EXP_LGBModel_Alpha158_csi300_custom_step0_s_20260427_16,3e124617a26e440eade78ce8f07dec56,0.083,,,
3400,2026-04-27,SH600438,-0.002594207349361264,EXP_LGBModel_Alpha158_csi300_custom_step0_s_20260427_16,3e124617a26e440eade78ce8f07dec56,0.083,,,
3401,2026-04-27,SH600460,0.000312277634240208,EXP_LGBModel_Alpha158_csi300_custom_step0_s_20260427_16,3e124617a26e440eade78ce8f07dec56,0.083,,,
3402,2026-04-27,SH600482,0.02691687851395525,EXP_LGBModel_Alpha158_csi300_custom_step0_s_20260427_16,3e124617a26e440eade78ce8f07dec56,0.083,,,
3403,2026-04-27,SH600489,0.001869747776908019,EXP_LGBModel_Alpha158_csi300_custom_step0_s_20260427_16,3e124617a26e440eade78ce8f07dec56,0.083,,,
3404,2026-04-27,SH600795,-0.002594207349361264,EXP_LGBModel_Alpha158_csi300_custom_step0_s_20260427_16,3e124617a26e440eade78ce8f07dec56,0.083,,,
3405,2026-04-27,SH600515,-0.01988723490802296,EXP_LGBModel_Alpha158_csi300_custom_step0_s_20260427_16,3e124617a26e440eade78ce8f07dec56,0.083,,,
3406,2026-04-27,SH600522,0.03049016404952282,EXP_LGBModel_Alpha158_csi300_custom_step0_s_20260427_16,3e124617a26e440eade78ce8f07dec56,0.083,,,
3407,2026-04-27,SH600547,0.001869747776908019,EXP_LGBModel_Alpha158_csi300_custom_step0_s_20260427_16,3e124617a26e440eade78ce8f07dec56,0.083,,,
3408,2026-04-27,SH600570,-1.44326321557998e-09,EXP_LGBModel_Alpha158_csi300_custom_step0_s_20260427_16,3e124617a26e440eade78ce8f07dec56,0.083,,,
3409,2026-04-27,SH600584,0.007022443867095491,EXP_LGBModel_Alpha158_csi300_custom_step0_s_20260427_16,3e124617a26e440eade78ce8f07dec56,0.083,,,
3410,2026-04-27,SH600585,-0.006082839516229,EXP_LGBModel_Alpha158_csi300_custom_step0_s_20260427_16,3e124617a26e440eade78ce8f07dec56,0.083,,,
3411,2026-04-27,SH600588,-0.011685079260670042,EXP_LGBModel_Alpha158_csi300_custom_step0_s_20260427_16,3e124617a26e440eade78ce8f07dec56,0.083,,,
3412,2026-04-27,SH600600,-0.002594207349361264,EXP_LGBModel_Alpha158_csi300_custom_step0_s_20260427_16,3e124617a26e440eade78ce8f07dec56,0.083,,,
3413,2026-04-27,SH600660,0.011563138086019649,EXP_LGBModel_Alpha158_csi300_custom_step0_s_20260427_16,3e124617a26e440eade78ce8f07dec56,0.083,,,
3414,2026-04-27,SH600674,-1.44326321557998e-09,EXP_LGBModel_Alpha158_csi300_custom_step0_s_20260427_16,3e124617a26e440eade78ce8f07dec56,0.083,,,
3415,2026-04-27,SH600690,0.020982371209438334,EXP_LGBModel_Alpha158_csi300_custom_step0_s_20260427_16,3e124617a26e440eade78ce8f07dec56,0.083,,,
3416,2026-04-27,SH600741,0.004360420713406192,EXP_LGBModel_Alpha158_csi300_custom_step0_s_20260427_16,3e124617a26e440eade78ce8f07dec56,0.083,,,
3417,2026-04-27,SH600519,-0.01988723490802296,EXP_LGBModel_Alpha158_csi300_custom_step0_s_20260427_16,3e124617a26e440eade78ce8f07dec56,0.083,,,
3418,2026-04-27,SH600346,0.001869747776908019,EXP_LGBModel_Alpha158_csi300_custom_step0_s_20260427_16,3e124617a26e440eade78ce8f07dec56,0.083,,,
3419,2026-04-27,SH601100,-1.44326321557998e-09,EXP_LGBModel_Alpha158_csi300_custom_step0_s_20260427_16,3e124617a26e440eade78ce8f07dec56,0.083,,,
3420,2026-04-27,SH601117,0.001232504146560659,EXP_LGBModel_Alpha158_csi300_custom_step0_s_20260427_16,3e124617a26e440eade78ce8f07dec56,0.083,,,
3421,2026-04-27,SH601658,-1.44326321557998e-09,EXP_LGBModel_Alpha158_csi300_custom_step0_s_20260427_16,3e124617a26e440eade78ce8f07dec56,0.083,,,
3422,2026-04-27,SH601668,0.00015457740367747638,EXP_LGBModel_Alpha158_csi300_custom_step0_s_20260427_16,3e124617a26e440eade78ce8f07dec56,0.083,,,
3423,2026-04-27,SH601669,-0.0007744319308756754,EXP_LGBModel_Alpha158_csi300_custom_step0_s_20260427_16,3e124617a26e440eade78ce8f07dec56,0.083,,,
3424,2026-04-27,SH601688,-1.44326321557998e-09,EXP_LGBModel_Alpha158_csi300_custom_step0_s_20260427_16,3e124617a26e440eade78ce8f07dec56,0.083,,,
3425,2026-04-27,SH601689,-0.011685079260670042,EXP_LGBModel_Alpha158_csi300_custom_step0_s_20260427_16,3e124617a26e440eade78ce8f07dec56,0.083,,,
3426,2026-04-27,SH601698,0.0055855195442154615,EXP_LGBModel_Alpha158_csi300_custom_step0_s_20260427_16,3e124617a26e440eade78ce8f07dec56,0.083,,,
3427,2026-04-27,SH601728,0.0027599016184318634,EXP_LGBModel_Alpha158_csi300_custom_step0_s_20260427_16,3e124617a26e440eade78ce8f07dec56,0.083,,,
3428,2026-04-27,SH601766,-0.0018197768617488044,EXP_LGBModel_Alpha158_csi300_custom_step0_s_20260427_16,3e124617a26e440eade78ce8f07dec56,0.083,,,
3429,2026-04-27,SH601788,-0.01988723490802296,EXP_LGBModel_Alpha158_csi300_custom_step0_s_20260427_16,3e124617a26e440eade78ce8f07dec56,0.083,,,
3430,2026-04-27,SH601800,-1.44326321557998e-09,EXP_LGBModel_Alpha158_csi300_custom_step0_s_20260427_16,3e124617a26e440eade78ce8f07dec56,0.083,,,
3431,2026-04-27,SH601808,0.001869747776908019,EXP_LGBModel_Alpha158_csi300_custom_step0_s_20260427_16,3e124617a26e440eade78ce8f07dec56,0.083,,,
3432,2026-04-27,SH601633,-1.44326321557998e-09,EXP_LGBModel_Alpha158_csi300_custom_step0_s_20260427_16,3e124617a26e440eade78ce8f07dec56,0.083,,,
3433,2026-04-27,SH601816,-0.002594207349361264,EXP_LGBModel_Alpha158_csi300_custom_step0_s_20260427_16,3e124617a26e440eade78ce8f07dec56,0.083,,,
3434,2026-04-27,SH601825,-0.0034051382046765594,EXP_LGBModel_Alpha158_csi300_custom_step0_s_20260427_16,3e124617a26e440eade78ce8f07dec56,0.083,,,
3435,2026-04-27,SH601838,0.0034700865165932806,EXP_LGBModel_Alpha158_csi300_custom_step0_s_20260427_16,3e124617a26e440eade78ce8f07dec56,0.083,,,
3436,2026-04-27,SH601857,-0.0007744319308756754,EXP_LGBModel_Alpha158_csi300_custom_step0_s_20260427_16,3e124617a26e440eade78ce8f07dec56,0.083,,,
3437,2026-04-27,SH601868,0.001095317289295559,EXP_LGBModel_Alpha158_csi300_custom_step0_s_20260427_16,3e124617a26e440eade78ce8f07dec56,0.083,,,
3438,2026-04-27,SH601872,0.006874707229151547,EXP_LGBModel_Alpha158_csi300_custom_step0_s_20260427_16,3e124617a26e440eade78ce8f07dec56,0.083,,,
3439,2026-04-27,SH601877,0.001869747776908019,EXP_LGBModel_Alpha158_csi300_custom_step0_s_20260427_16,3e124617a26e440eade78ce8f07dec56,0.083,,,
3440,2026-04-27,SH601878,-0.016418644810203064,EXP_LGBModel_Alpha158_csi300_custom_step0_s_20260427_16,3e124617a26e440eade78ce8f07dec56,0.083,,,
3441,2026-04-27,SH601881,-0.0016651980148081125,EXP_LGBModel_Alpha158_csi300_custom_step0_s_20260427_16,3e124617a26e440eade78ce8f07dec56,0.083,,,
3442,2026-04-27,SH601888,-0.016418644810203064,EXP_LGBModel_Alpha158_csi300_custom_step0_s_20260427_16,3e124617a26e440eade78ce8f07dec56,0.083,,,
3443,2026-04-27,SH601898,0.004913376839202376,EXP_LGBModel_Alpha158_csi300_custom_step0_s_20260427_16,3e124617a26e440eade78ce8f07dec56,0.083,,,
3444,2026-04-27,SH601899,-0.005587909115470243,EXP_LGBModel_Alpha158_csi300_custom_step0_s_20260427_16,3e124617a26e440eade78ce8f07dec56,0.083,,,
3445,2026-04-27,SH601818,-0.0007744319308756754,EXP_LGBModel_Alpha158_csi300_custom_step0_s_20260427_16,3e124617a26e440eade78ce8f07dec56,0.083,,,
3446,2026-04-27,SH601111,-0.0018197768617488044,EXP_LGBModel_Alpha158_csi300_custom_step0_s_20260427_16,3e124617a26e440eade78ce8f07dec56,0.083,,,
3447,2026-04-27,SH601628,-0.013643597753053044,EXP_LGBModel_Alpha158_csi300_custom_step0_s_20260427_16,3e124617a26e440eade78ce8f07dec56,0.083,,,
3448,2026-04-27,SH601607,0.00015457740367747638,EXP_LGBModel_Alpha158_csi300_custom_step0_s_20260427_16,3e124617a26e440eade78ce8f07dec56,0.083,,,
3449,2026-04-27,SH601127,-0.005441442105700127,EXP_LGBModel_Alpha158_csi300_custom_step0_s_20260427_16,3e124617a26e440eade78ce8f07dec56,0.083,,,
3450,2026-04-27,SH601136,-0.017272986932877068,EXP_LGBModel_Alpha158_csi300_custom_step0_s_20260427_16,3e124617a26e440eade78ce8f07dec56,0.083,,,
3451,2026-04-27,SH601138,0.02657027888164536,EXP_LGBModel_Alpha158_csi300_custom_step0_s_20260427_16,3e124617a26e440eade78ce8f07dec56,0.083,,,
3452,2026-04-27,SH601166,-1.44326321557998e-09,EXP_LGBModel_Alpha158_csi300_custom_step0_s_20260427_16,3e124617a26e440eade78ce8f07dec56,0.083,,,
3453,2026-04-27,SH601169,-0.0018197768617488044,EXP_LGBModel_Alpha158_csi300_custom_step0_s_20260427_16,3e124617a26e440eade78ce8f07dec56,0.083,,,
3454,2026-04-27,SH601186,0.00015457740367747638,EXP_LGBModel_Alpha158_csi300_custom_step0_s_20260427_16,3e124617a26e440eade78ce8f07dec56,0.083,,,
3455,2026-04-27,SH601211,-0.011685079260670042,EXP_LGBModel_Alpha158_csi300_custom_step0_s_20260427_16,3e124617a26e440eade78ce8f07dec56,0.083,,,
3456,2026-04-27,SH601225,-0.011685079260670042,EXP_LGBModel_Alpha158_csi300_custom_step0_s_20260427_16,3e124617a26e440eade78ce8f07dec56,0.083,,,
3457,2026-04-27,SH601229,-0.01988723490802296,EXP_LGBModel_Alpha158_csi300_custom_step0_s_20260427_16,3e124617a26e440eade78ce8f07dec56,0.083,,,
3458,2026-04-27,SH601236,-1.44326321557998e-09,EXP_LGBModel_Alpha158_csi300_custom_step0_s_20260427_16,3e124617a26e440eade78ce8f07dec56,0.083,,,
3459,2026-04-27,SH601238,-0.016418644810203064,EXP_LGBModel_Alpha158_csi300_custom_step0_s_20260427_16,3e124617a26e440eade78ce8f07dec56,0.083,,,
3460,2026-04-27,SH601618,-1.44326321557998e-09,EXP_LGBModel_Alpha158_csi300_custom_step0_s_20260427_16,3e124617a26e440eade78ce8f07dec56,0.083,,,
3461,2026-04-27,SH601288,0.0032702240834729048,EXP_LGBModel_Alpha158_csi300_custom_step0_s_20260427_16,3e124617a26e440eade78ce8f07dec56,0.083,,,
3462,2026-04-27,SH601318,-1.44326321557998e-09,EXP_LGBModel_Alpha158_csi300_custom_step0_s_20260427_16,3e124617a26e440eade78ce8f07dec56,0.083,,,
3463,2026-04-27,SH601319,-0.01988723490802296,EXP_LGBModel_Alpha158_csi300_custom_step0_s_20260427_16,3e124617a26e440eade78ce8f07dec56,0.083,,,
3464,2026-04-27,SH601328,-1.44326321557998e-09,EXP_LGBModel_Alpha158_csi300_custom_step0_s_20260427_16,3e124617a26e440eade78ce8f07dec56,0.083,,,
3465,2026-04-27,SH601336,-1.44326321557998e-09,EXP_LGBModel_Alpha158_csi300_custom_step0_s_20260427_16,3e124617a26e440eade78ce8f07dec56,0.083,,,
3466,2026-04-27,SH601360,-1.44326321557998e-09,EXP_LGBModel_Alpha158_csi300_custom_step0_s_20260427_16,3e124617a26e440eade78ce8f07dec56,0.083,,,
3467,2026-04-27,SH601377,-0.0018197768617488044,EXP_LGBModel_Alpha158_csi300_custom_step0_s_20260427_16,3e124617a26e440eade78ce8f07dec56,0.083,,,
3468,2026-04-27,SH601390,-0.0018197768617488044,EXP_LGBModel_Alpha158_csi300_custom_step0_s_20260427_16,3e124617a26e440eade78ce8f07dec56,0.083,,,
3469,2026-04-27,SH601398,-0.0010901980731965028,EXP_LGBModel_Alpha158_csi300_custom_step0_s_20260427_16,3e124617a26e440eade78ce8f07dec56,0.083,,,
3470,2026-04-27,SH601456,-0.01988723490802296,EXP_LGBModel_Alpha158_csi300_custom_step0_s_20260427_16,3e124617a26e440eade78ce8f07dec56,0.083,,,
3471,2026-04-27,SH601600,1.7390546412376657e-05,EXP_LGBModel_Alpha158_csi300_custom_step0_s_20260427_16,3e124617a26e440eade78ce8f07dec56,0.083,,,
3472,2026-04-27,SH601601,-0.005441442105700127,EXP_LGBModel_Alpha158_csi300_custom_step0_s_20260427_16,3e124617a26e440eade78ce8f07dec56,0.083,,,
3473,2026-04-27,SH601298,-0.011685079260670042,EXP_LGBModel_Alpha158_csi300_custom_step0_s_20260427_16,3e124617a26e440eade78ce8f07dec56,0.083,,,
3474,2026-04-27,SH600309,0.013890664219753695,EXP_LGBModel_Alpha158_csi300_custom_step0_s_20260427_16,3e124617a26e440eade78ce8f07dec56,0.083,,,
3475,2026-04-27,SH600276,-0.005587909115470243,EXP_LGBModel_Alpha158_csi300_custom_step0_s_20260427_16,3e124617a26e440eade78ce8f07dec56,0.083,,,
3476,2026-04-27,SH600233,0.017571640866812017,EXP_LGBModel_Alpha158_csi300_custom_step0_s_20260427_16,3e124617a26e440eade78ce8f07dec56,0.083,,,
3477,2026-04-27,SZ002600,-0.029008168080494702,EXP_LGBModel_Alpha158_csi300_custom_step0_s_20260427_16,1b6e0fae030742ceb35752bc3968b21b,0.074,,,
3478,2026-04-27,SZ002601,0.022421024429924743,EXP_LGBModel_Alpha158_csi300_custom_step0_s_20260427_16,1b6e0fae030742ceb35752bc3968b21b,0.074,,,
3479,2026-04-27,SZ002625,-0.0026064021464612397,EXP_LGBModel_Alpha158_csi300_custom_step0_s_20260427_16,1b6e0fae030742ceb35752bc3968b21b,0.074,,,
3480,2026-04-27,SZ002648,-0.022772248387894538,EXP_LGBModel_Alpha158_csi300_custom_step0_s_20260427_16,1b6e0fae030742ceb35752bc3968b21b,0.074,,,
3481,2026-04-27,SZ002709,0.002870928165778632,EXP_LGBModel_Alpha158_csi300_custom_step0_s_20260427_16,1b6e0fae030742ceb35752bc3968b21b,0.074,,,
3482,2026-04-27,SZ002714,-0.034392944404159645,EXP_LGBModel_Alpha158_csi300_custom_step0_s_20260427_16,1b6e0fae030742ceb35752bc3968b21b,0.074,,,
3483,2026-04-27,SZ002736,-0.04539944340249239,EXP_LGBModel_Alpha158_csi300_custom_step0_s_20260427_16,1b6e0fae030742ceb35752bc3968b21b,0.074,,,
3484,2026-04-27,SZ002916,-0.006151736101748925,EXP_LGBModel_Alpha158_csi300_custom_step0_s_20260427_16,1b6e0fae030742ceb35752bc3968b21b,0.074,,,
3485,2026-04-27,SZ002920,-0.026345212005484526,EXP_LGBModel_Alpha158_csi300_custom_step0_s_20260427_16,1b6e0fae030742ceb35752bc3968b21b,0.074,,,
3486,2026-04-27,SZ002938,-0.029955862992741902,EXP_LGBModel_Alpha158_csi300_custom_step0_s_20260427_16,1b6e0fae030742ceb35752bc3968b21b,0.074,,,
3487,2026-04-27,SZ003816,-0.024342450922963645,EXP_LGBModel_Alpha158_csi300_custom_step0_s_20260427_16,1b6e0fae030742ceb35752bc3968b21b,0.074,,,
3488,2026-04-27,SZ002594,-0.013142495668419263,EXP_LGBModel_Alpha158_csi300_custom_step0_s_20260427_16,1b6e0fae030742ceb35752bc3968b21b,0.074,,,
3489,2026-04-27,SZ300014,0.001224799903773213,EXP_LGBModel_Alpha158_csi300_custom_step0_s_20260427_16,1b6e0fae030742ceb35752bc3968b21b,0.074,,,
3490,2026-04-27,SZ300033,-0.010529979733568291,EXP_LGBModel_Alpha158_csi300_custom_step0_s_20260427_16,1b6e0fae030742ceb35752bc3968b21b,0.074,,,
3491,2026-04-27,SZ300059,0.01951639418664658,EXP_LGBModel_Alpha158_csi300_custom_step0_s_20260427_16,1b6e0fae030742ceb35752bc3968b21b,0.074,,,
3492,2026-04-27,SZ300122,-0.06333343679020677,EXP_LGBModel_Alpha158_csi300_custom_step0_s_20260427_16,1b6e0fae030742ceb35752bc3968b21b,0.074,,,
3493,2026-04-27,SZ300124,-0.03755143340980171,EXP_LGBModel_Alpha158_csi300_custom_step0_s_20260427_16,1b6e0fae030742ceb35752bc3968b21b,0.074,,,
3494,2026-04-27,SZ300251,-0.020545526599176685,EXP_LGBModel_Alpha158_csi300_custom_step0_s_20260427_16,1b6e0fae030742ceb35752bc3968b21b,0.074,,,
3495,2026-04-27,SZ300274,0.05211907526729876,EXP_LGBModel_Alpha158_csi300_custom_step0_s_20260427_16,1b6e0fae030742ceb35752bc3968b21b,0.074,,,
3496,2026-04-27,SZ300308,0.005011295611454079,EXP_LGBModel_Alpha158_csi300_custom_step0_s_20260427_16,1b6e0fae030742ceb35752bc3968b21b,0.074,,,
3497,2026-04-27,SZ300316,-0.031002690242397286,EXP_LGBModel_Alpha158_csi300_custom_step0_s_20260427_16,1b6e0fae030742ceb35752bc3968b21b,0.074,,,
3498,2026-04-27,SZ300347,-0.05478874366519281,EXP_LGBModel_Alpha158_csi300_custom_step0_s_20260427_16,1b6e0fae030742ceb35752bc3968b21b,0.074,,,
3499,2026-04-27,SZ300394,0.014295958022632116,EXP_LGBModel_Alpha158_csi300_custom_step0_s_20260427_16,1b6e0fae030742ceb35752bc3968b21b,0.074,,,
3500,2026-04-27,SZ300408,-0.04752087587479413,EXP_LGBModel_Alpha158_csi300_custom_step0_s_20260427_16,1b6e0fae030742ceb35752bc3968b21b,0.074,,,
3501,2026-04-27,SZ300015,-0.026163994416049965,EXP_LGBModel_Alpha158_csi300_custom_step0_s_20260427_16,1b6e0fae030742ceb35752bc3968b21b,0.074,,,
3502,2026-04-27,SZ300413,-0.004185406871922058,EXP_LGBModel_Alpha158_csi300_custom_step0_s_20260427_16,1b6e0fae030742ceb35752bc3968b21b,0.074,,,
3503,2026-04-27,SZ002493,-0.008083910951763106,EXP_LGBModel_Alpha158_csi300_custom_step0_s_20260427_16,1b6e0fae030742ceb35752bc3968b21b,0.074,,,
3504,2026-04-27,SZ002466,-0.036208973492789565,EXP_LGBModel_Alpha158_csi300_custom_step0_s_20260427_16,1b6e0fae030742ceb35752bc3968b21b,0.074,,,
3505,2026-04-27,SZ001965,0.00435849233278063,EXP_LGBModel_Alpha158_csi300_custom_step0_s_20260427_16,1b6e0fae030742ceb35752bc3968b21b,0.074,,,
3506,2026-04-27,SZ001979,0.006324210801296351,EXP_LGBModel_Alpha158_csi300_custom_step0_s_20260427_16,1b6e0fae030742ceb35752bc3968b21b,0.074,,,
3507,2026-04-27,SZ002001,0.002433610168421553,EXP_LGBModel_Alpha158_csi300_custom_step0_s_20260427_16,1b6e0fae030742ceb35752bc3968b21b,0.074,,,
3508,2026-04-27,SZ002027,-0.0051721958448662664,EXP_LGBModel_Alpha158_csi300_custom_step0_s_20260427_16,1b6e0fae030742ceb35752bc3968b21b,0.074,,,
3509,2026-04-27,SZ002028,-0.04419140355301272,EXP_LGBModel_Alpha158_csi300_custom_step0_s_20260427_16,1b6e0fae030742ceb35752bc3968b21b,0.074,,,
3510,2026-04-27,SZ002049,-0.002515892293399326,EXP_LGBModel_Alpha158_csi300_custom_step0_s_20260427_16,1b6e0fae030742ceb35752bc3968b21b,0.074,,,
3511,2026-04-27,SZ002050,-0.005571500481282424,EXP_LGBModel_Alpha158_csi300_custom_step0_s_20260427_16,1b6e0fae030742ceb35752bc3968b21b,0.074,,,
3512,2026-04-27,SZ002074,0.026037666585584287,EXP_LGBModel_Alpha158_csi300_custom_step0_s_20260427_16,1b6e0fae030742ceb35752bc3968b21b,0.074,,,
3513,2026-04-27,SZ002142,0.010710681256575464,EXP_LGBModel_Alpha158_csi300_custom_step0_s_20260427_16,1b6e0fae030742ceb35752bc3968b21b,0.074,,,
3514,2026-04-27,SZ002179,0.0057992790166718254,EXP_LGBModel_Alpha158_csi300_custom_step0_s_20260427_16,1b6e0fae030742ceb35752bc3968b21b,0.074,,,
3515,2026-04-27,SZ002230,-0.013831566641194025,EXP_LGBModel_Alpha158_csi300_custom_step0_s_20260427_16,1b6e0fae030742ceb35752bc3968b21b,0.074,,,
3516,2026-04-27,SZ002475,0.007686340575338225,EXP_LGBModel_Alpha158_csi300_custom_step0_s_20260427_16,1b6e0fae030742ceb35752bc3968b21b,0.074,,,
3517,2026-04-27,SZ002236,-0.02267822614645655,EXP_LGBModel_Alpha158_csi300_custom_step0_s_20260427_16,1b6e0fae030742ceb35752bc3968b21b,0.074,,,
3518,2026-04-27,SZ002252,-0.01731784691048893,EXP_LGBModel_Alpha158_csi300_custom_step0_s_20260427_16,1b6e0fae030742ceb35752bc3968b21b,0.074,,,
3519,2026-04-27,SZ002304,-0.005817792095303468,EXP_LGBModel_Alpha158_csi300_custom_step0_s_20260427_16,1b6e0fae030742ceb35752bc3968b21b,0.074,,,
3520,2026-04-27,SZ002311,-0.037577825728607434,EXP_LGBModel_Alpha158_csi300_custom_step0_s_20260427_16,1b6e0fae030742ceb35752bc3968b21b,0.074,,,
3521,2026-04-27,SZ002352,-0.011248316487295998,EXP_LGBModel_Alpha158_csi300_custom_step0_s_20260427_16,1b6e0fae030742ceb35752bc3968b21b,0.074,,,
3522,2026-04-27,SZ002371,0.006813263385611575,EXP_LGBModel_Alpha158_csi300_custom_step0_s_20260427_16,1b6e0fae030742ceb35752bc3968b21b,0.074,,,
3523,2026-04-27,SZ002384,-0.05077563149595238,EXP_LGBModel_Alpha158_csi300_custom_step0_s_20260427_16,1b6e0fae030742ceb35752bc3968b21b,0.074,,,
3524,2026-04-27,SZ002415,-0.00022158401788094817,EXP_LGBModel_Alpha158_csi300_custom_step0_s_20260427_16,1b6e0fae030742ceb35752bc3968b21b,0.074,,,
3525,2026-04-27,SZ002422,-0.008796590024850191,EXP_LGBModel_Alpha158_csi300_custom_step0_s_20260427_16,1b6e0fae030742ceb35752bc3968b21b,0.074,,,
3526,2026-04-27,SZ002459,0.0023589807840944284,EXP_LGBModel_Alpha158_csi300_custom_step0_s_20260427_16,1b6e0fae030742ceb35752bc3968b21b,0.074,,,
3527,2026-04-27,SZ002460,0.058883780727438086,EXP_LGBModel_Alpha158_csi300_custom_step0_s_20260427_16,1b6e0fae030742ceb35752bc3968b21b,0.074,,,
3528,2026-04-27,SZ002463,-0.04196163030936283,EXP_LGBModel_Alpha158_csi300_custom_step0_s_20260427_16,1b6e0fae030742ceb35752bc3968b21b,0.074,,,
3529,2026-04-27,SZ002241,6.929024957035381e-05,EXP_LGBModel_Alpha158_csi300_custom_step0_s_20260427_16,1b6e0fae030742ceb35752bc3968b21b,0.074,,,
3530,2026-04-27,SZ300418,-0.01090360652355618,EXP_LGBModel_Alpha158_csi300_custom_step0_s_20260427_16,1b6e0fae030742ceb35752bc3968b21b,0.074,,,
3531,2026-04-27,SZ300433,-0.034743583614001504,EXP_LGBModel_Alpha158_csi300_custom_step0_s_20260427_16,1b6e0fae030742ceb35752bc3968b21b,0.074,,,
3532,2026-04-27,SZ300442,-0.009625977598896773,EXP_LGBModel_Alpha158_csi300_custom_step0_s_20260427_16,1b6e0fae030742ceb35752bc3968b21b,0.074,,,
3533,2026-04-27,SH600027,-1.44326321557998e-09,EXP_LGBModel_Alpha158_csi300_custom_step0_s_20260427_16,3e124617a26e440eade78ce8f07dec56,0.083,,,
3534,2026-04-27,SH600028,0.002024326623848711,EXP_LGBModel_Alpha158_csi300_custom_step0_s_20260427_16,3e124617a26e440eade78ce8f07dec56,0.083,,,
3535,2026-04-27,SH600029,-1.44326321557998e-09,EXP_LGBModel_Alpha158_csi300_custom_step0_s_20260427_16,3e124617a26e440eade78ce8f07dec56,0.083,,,
3536,2026-04-27,SH600030,0.0026253926956104163,EXP_LGBModel_Alpha158_csi300_custom_step0_s_20260427_16,3e124617a26e440eade78ce8f07dec56,0.083,,,
3537,2026-04-27,SH600031,-0.0018197768617488044,EXP_LGBModel_Alpha158_csi300_custom_step0_s_20260427_16,3e124617a26e440eade78ce8f07dec56,0.083,,,
3538,2026-04-27,SH600036,-1.44326321557998e-09,EXP_LGBModel_Alpha158_csi300_custom_step0_s_20260427_16,3e124617a26e440eade78ce8f07dec56,0.083,,,
3539,2026-04-27,SH600039,-0.013804396835057173,EXP_LGBModel_Alpha158_csi300_custom_step0_s_20260427_16,3e124617a26e440eade78ce8f07dec56,0.083,,,
3540,2026-04-27,SH600048,-1.44326321557998e-09,EXP_LGBModel_Alpha158_csi300_custom_step0_s_20260427_16,3e124617a26e440eade78ce8f07dec56,0.083,,,
3541,2026-04-27,SH600050,-0.002594207349361264,EXP_LGBModel_Alpha158_csi300_custom_step0_s_20260427_16,3e124617a26e440eade78ce8f07dec56,0.083,,,
3542,2026-04-27,SH600061,-0.01988723490802296,EXP_LGBModel_Alpha158_csi300_custom_step0_s_20260427_16,3e124617a26e440eade78ce8f07dec56,0.083,,,
3543,2026-04-27,SH600066,0.0032702240834729048,EXP_LGBModel_Alpha158_csi300_custom_step0_s_20260427_16,3e124617a26e440eade78ce8f07dec56,0.083,,,
3544,2026-04-27,SH600026,0.004913376839202376,EXP_LGBModel_Alpha158_csi300_custom_step0_s_20260427_16,3e124617a26e440eade78ce8f07dec56,0.083,,,
3545,2026-04-27,SH600085,-0.01988723490802296,EXP_LGBModel_Alpha158_csi300_custom_step0_s_20260427_16,3e124617a26e440eade78ce8f07dec56,0.083,,,
3546,2026-04-27,SH600104,-0.0018197768617488044,EXP_LGBModel_Alpha158_csi300_custom_step0_s_20260427_16,3e124617a26e440eade78ce8f07dec56,0.083,,,
3547,2026-04-27,SH600111,-0.0018197768617488044,EXP_LGBModel_Alpha158_csi300_custom_step0_s_20260427_16,3e124617a26e440eade78ce8f07dec56,0.083,,,
3548,2026-04-27,SH600115,-0.0007744319308756754,EXP_LGBModel_Alpha158_csi300_custom_step0_s_20260427_16,3e124617a26e440eade78ce8f07dec56,0.083,,,
3549,2026-04-27,SH600150,-0.007575755213386282,EXP_LGBModel_Alpha158_csi300_custom_step0_s_20260427_16,3e124617a26e440eade78ce8f07dec56,0.083,,,
3550,2026-04-27,SH600160,-0.002614249418409106,EXP_LGBModel_Alpha158_csi300_custom_step0_s_20260427_16,3e124617a26e440eade78ce8f07dec56,0.083,,,
3551,2026-04-27,SH600161,-0.01988723490802296,EXP_LGBModel_Alpha158_csi300_custom_step0_s_20260427_16,3e124617a26e440eade78ce8f07dec56,0.083,,,
3552,2026-04-27,SH600176,0.013066518720947974,EXP_LGBModel_Alpha158_csi300_custom_step0_s_20260427_16,3e124617a26e440eade78ce8f07dec56,0.083,,,
3553,2026-04-27,SH600183,0.02657027888164536,EXP_LGBModel_Alpha158_csi300_custom_step0_s_20260427_16,3e124617a26e440eade78ce8f07dec56,0.083,,,
3554,2026-04-27,SH600188,0.0023131136181069926,EXP_LGBModel_Alpha158_csi300_custom_step0_s_20260427_16,3e124617a26e440eade78ce8f07dec56,0.083,,,
3555,2026-04-27,SH600196,-0.008202157090616134,EXP_LGBModel_Alpha158_csi300_custom_step0_s_20260427_16,3e124617a26e440eade78ce8f07dec56,0.083,,,
3556,2026-04-27,SH600219,0.001869747776908019,EXP_LGBModel_Alpha158_csi300_custom_step0_s_20260427_16,3e124617a26e440eade78ce8f07dec56,0.083,,,
3557,2026-04-27,SH600089,-0.0007744319308756754,EXP_LGBModel_Alpha158_csi300_custom_step0_s_20260427_16,3e124617a26e440eade78ce8f07dec56,0.083,,,
3558,2026-04-27,SH600025,-0.002594207349361264,EXP_LGBModel_Alpha158_csi300_custom_step0_s_20260427_16,3e124617a26e440eade78ce8f07dec56,0.083,,,
3559,2026-04-27,SH600023,0.014396777748029438,EXP_LGBModel_Alpha158_csi300_custom_step0_s_20260427_16,3e124617a26e440eade78ce8f07dec56,0.083,,,
3560,2026-04-27,SH600019,-0.0018197768617488044,EXP_LGBModel_Alpha158_csi300_custom_step0_s_20260427_16,3e124617a26e440eade78ce8f07dec56,0.083,,,
3561,2026-04-27,SZ300476,0.005308725578252708,EXP_LGBModel_Alpha158_csi300_custom_step0_s_20260427_16,1b6e0fae030742ceb35752bc3968b21b,0.074,,,
3562,2026-04-27,SZ300498,-0.014460945627537108,EXP_LGBModel_Alpha158_csi300_custom_step0_s_20260427_16,1b6e0fae030742ceb35752bc3968b21b,0.074,,,
3563,2026-04-27,SZ300502,0.07985499507523017,EXP_LGBModel_Alpha158_csi300_custom_step0_s_20260427_16,1b6e0fae030742ceb35752bc3968b21b,0.074,,,
3564,2026-04-27,SZ300628,0.0023272773905326297,EXP_LGBModel_Alpha158_csi300_custom_step0_s_20260427_16,1b6e0fae030742ceb35752bc3968b21b,0.074,,,
3565,2026-04-27,SZ300661,-0.034429471426520794,EXP_LGBModel_Alpha158_csi300_custom_step0_s_20260427_16,1b6e0fae030742ceb35752bc3968b21b,0.074,,,
3566,2026-04-27,SZ300750,0.0029468478663432643,EXP_LGBModel_Alpha158_csi300_custom_step0_s_20260427_16,1b6e0fae030742ceb35752bc3968b21b,0.074,,,
3567,2026-04-27,SZ300759,-0.03214240474449805,EXP_LGBModel_Alpha158_csi300_custom_step0_s_20260427_16,1b6e0fae030742ceb35752bc3968b21b,0.074,,,
3568,2026-04-27,SZ300760,0.007547825993616411,EXP_LGBModel_Alpha158_csi300_custom_step0_s_20260427_16,1b6e0fae030742ceb35752bc3968b21b,0.074,,,
3569,2026-04-27,SZ300782,0.1304134111672174,EXP_LGBModel_Alpha158_csi300_custom_step0_s_20260427_16,1b6e0fae030742ceb35752bc3968b21b,0.074,,,
3570,2026-04-27,SZ300803,-0.008696511669123039,EXP_LGBModel_Alpha158_csi300_custom_step0_s_20260427_16,1b6e0fae030742ceb35752bc3968b21b,0.074,,,
3571,2026-04-27,SZ300832,-0.0005203452544459632,EXP_LGBModel_Alpha158_csi300_custom_step0_s_20260427_16,1b6e0fae030742ceb35752bc3968b21b,0.074,,,
3572,2026-04-27,SZ300866,-0.004313190535916653,EXP_LGBModel_Alpha158_csi300_custom_step0_s_20260427_16,1b6e0fae030742ceb35752bc3968b21b,0.074,,,
3573,2026-04-27,SZ300896,-0.0026222795297300198,EXP_LGBModel_Alpha158_csi300_custom_step0_s_20260427_16,1b6e0fae030742ceb35752bc3968b21b,0.074,,,
3574,2026-04-27,SZ300979,-0.01846673226731012,EXP_LGBModel_Alpha158_csi300_custom_step0_s_20260427_16,1b6e0fae030742ceb35752bc3968b21b,0.074,,,
3575,2026-04-27,SZ300999,0.009301670514200309,EXP_LGBModel_Alpha158_csi300_custom_step0_s_20260427_16,1b6e0fae030742ceb35752bc3968b21b,0.074,,,
3576,2026-04-27,SZ301236,-0.04893434292284461,EXP_LGBModel_Alpha158_csi300_custom_step0_s_20260427_16,1b6e0fae030742ceb35752bc3968b21b,0.074,,,
3577,2026-04-27,SZ301269,0.004611999896007854,EXP_LGBModel_Alpha158_csi300_custom_step0_s_20260427_16,1b6e0fae030742ceb35752bc3968b21b,0.074,,,
3578,2026-04-27,SZ302132,-0.01808783651962001,EXP_LGBModel_Alpha158_csi300_custom_step0_s_20260427_16,1b6e0fae030742ceb35752bc3968b21b,0.074,,,
3579,2026-04-27,SH600000,-0.0016651980148081125,EXP_LGBModel_Alpha158_csi300_custom_step0_s_20260427_16,3e124617a26e440eade78ce8f07dec56,0.083,,,
3580,2026-04-27,SH600009,-0.011685079260670042,EXP_LGBModel_Alpha158_csi300_custom_step0_s_20260427_16,3e124617a26e440eade78ce8f07dec56,0.083,,,
3581,2026-04-27,SH600010,-0.0029054610326523186,EXP_LGBModel_Alpha158_csi300_custom_step0_s_20260427_16,3e124617a26e440eade78ce8f07dec56,0.083,,,
3582,2026-04-27,SH600011,-0.002594207349361264,EXP_LGBModel_Alpha158_csi300_custom_step0_s_20260427_16,3e124617a26e440eade78ce8f07dec56,0.083,,,
3583,2026-04-27,SH600015,-0.0016651980148081125,EXP_LGBModel_Alpha158_csi300_custom_step0_s_20260427_16,3e124617a26e440eade78ce8f07dec56,0.083,,,
3584,2026-04-27,SH600016,-0.0007744319308756754,EXP_LGBModel_Alpha158_csi300_custom_step0_s_20260427_16,3e124617a26e440eade78ce8f07dec56,0.083,,,
3585,2026-04-27,SH600018,0.00015457740367747638,EXP_LGBModel_Alpha158_csi300_custom_step0_s_20260427_16,3e124617a26e440eade78ce8f07dec56,0.083,,,
3586,2026-04-27,SH601916,-0.002594207349361264,EXP_LGBModel_Alpha158_csi300_custom_step0_s_20260427_16,3e124617a26e440eade78ce8f07dec56,0.083,,,
3587,2026-04-27,SZ302132,0.07444795221090317,EXP_XGBModel_Alpha158_csi300_custom_step0_s_20260427_14,696d1306e9a445d2ab194dec149f529f,0.007,,,
